0.9999586939811707 -0.002031082985922694 0.008856013417243958 -0.0021502969320863485 0.0017917095683515072 0.9996350407600403 0.026954131200909615 -0.03187456727027893 -0.008907526731491089 -0.026937151327729225 0.999597430229187 -0.018326254561543465
0.9999570250511169 -0.0025376793928444386 0.00891541875898838 -0.0029115695506334305 0.0022666933946311474 0.9995390176773071 0.03027491457760334 -0.0052629210986196995 -0.008988136425614357 -0.03025340475142002 0.9995018243789673 0.0008945122826844454
0.9999633431434631 -0.0030577527359128 0.008000178262591362 -0.004256887827068567 0.0027858521789312363 0.9994254112243652 0.03377998620271683 0.020779820159077644 -0.008098872378468513 -0.03375645726919174 0.9993972778320312 0.02114950492978096
0.9999614357948303 -0.0030811147298663855 0.008220984600484371 -0.004834395367652178 0.0027686331886798143 0.9992831945419312 0.03775457292795181 0.04692544415593147 -0.008331417106091976 -0.03773035854101181 0.9992532134056091 0.0407009981572628
0.9999611377716064 -0.0028571225702762604 0.008340608328580856 -0.00526556046679616 0.002506773918867111 0.9991263151168823 0.04171757772564888 0.07259577512741089 -0.008452514186501503 -0.04169504716992378 0.9990946054458618 0.059956878423690796
0.9999613761901855 -0.002281812485307455 0.008486544713377953 -0.005890890955924988 0.001889222883619368 0.9989404082298279 0.0459839291870594 0.09802117198705673 -0.008582478389143944 -0.045966122299432755 0.998906135559082 0.07846710830926895
0.999963104724884 -0.0027117363642901182 0.008149751462042332 -0.006668557412922382 0.0023013681638985872 0.9987491965293884 0.04994766041636467 0.12257543206214905 -0.008275003172457218 -0.049927059561014175 0.9987185597419739 0.09783979505300522
0.9999615550041199 -0.003492657793685794 0.008042657747864723 -0.007489177864044905 0.0030547978822141886 0.9985457062721252 0.0538252554833889 0.14687912166118622 -0.008218955248594284 -0.0537986196577549 0.9985179901123047 0.11620291322469711
0.999965250492096 -0.004117351956665516 0.007246948778629303 -0.0086928466334939 0.003698403015732765 0.9983728528022766 0.056903667747974396 0.17027580738067627 -0.007469449192285538 -0.05687488615512848 0.9983533620834351 0.13430652022361755
0.9999620914459229 -0.0034783866722136736 0.007981851696968079 -0.008544436655938625 0.00297813699580729 0.9980809092521667 0.06185122951865196 0.19456756114959717 -0.008181676268577576 -0.061825115233659744 0.9980534911155701 0.1523599475622177
0.9999635815620422 -0.0035507644060999155 0.007758209481835365 -0.009173419326543808 0.003031355096027255 0.99781733751297 0.06596489250659943 0.21747134625911713 -0.00797550193965435 -0.06593897938728333 0.9977917671203613 0.17005807161331177
0.9999642968177795 -0.003693703329190612 0.007597461808472872 -0.00974220596253872 0.003153970232233405 0.997551441192627 0.0698656216263771 0.2400752305984497 -0.007836922071874142 -0.06983917206525803 0.9975274801254272 0.18717461824417114
0.9999654293060303 -0.004497247282415628 0.006992568261921406 -0.010933269746601582 0.003968957345932722 0.9972643852233887 0.0738103911280632 0.26200222969055176 -0.007305382750928402 -0.07378008216619492 0.9972477555274963 0.20368187129497528
0.9999630451202393 -0.004325240384787321 0.007429061457514763 -0.010829436592757702 0.0037308803293854 0.9969279766082764 0.07823476195335388 0.2841499149799347 -0.007744623348116875 -0.07820415496826172 0.9969072937965393 0.2203928679227829
0.999963104724884 -0.004343090578913689 0.007410230115056038 -0.011270989663898945 0.0037155712489038706 0.9965683817863464 0.0826900526881218 0.305625855922699 -0.007743931375443935 -0.08265947550535202 0.9965477585792542 0.2370522916316986
0.9999626278877258 -0.004053801763802767 0.007638981100171804 -0.011207468807697296 0.003370024263858795 0.9961596727371216 0.08749018609523773 0.32704538106918335 -0.00796431303024292 -0.08746117353439331 0.9961360692977905 0.2520546317100525
0.999963641166687 -0.005304820369929075 0.006676015444099903 -0.012875585816800594 0.004673976916819811 0.9958217144012451 0.09119933843612671 0.34670257568359375 -0.007131917402148247 -0.09116481244564056 0.9958102703094482 0.26915693283081055
0.9999638795852661 -0.0053034014999866486 0.006645859684795141 -0.013043143786489964 0.004644074477255344 0.9954116344451904 0.09557244181632996 0.36695414781570435 -0.007122225593775511 -0.09553812444210052 0.9954003095626831 0.2844662666320801
0.9999634027481079 -0.005623701494187117 0.006443359423428774 -0.01386275701224804 0.004951209295541048 0.9949740171432495 0.10001123696565628 0.38658931851387024 -0.006973408628255129 -0.09997568279504776 0.9949654340744019 0.2998118996620178
0.9999645948410034 -0.006002902984619141 0.005899215582758188 -0.014710580930113792 0.0053568556904792786 0.9945616126060486 0.10401222854852676 0.40531831979751587 -0.006491508800536394 -0.10397694259881973 0.9945585131645203 0.3150750398635864
0.9999620914459229 -0.006338346283882856 0.005966969300061464 -0.01510767824947834 0.005654265638440847 0.9940909147262573 0.10840355604887009 0.42452695965766907 -0.006618809420615435 -0.10836570709943771 0.9940890669822693 0.32928791642189026
0.9999614357948303 -0.006242711097002029 0.006178245414048433 -0.015165209770202637 0.0055022211745381355 0.9935387372970581 0.11336009949445724 0.4435165524482727 -0.0068460009060800076 -0.11332172900438309 0.9935347437858582 0.3427601158618927
0.9999610781669617 -0.006640190724283457 0.005813120398670435 -0.0156584233045578 0.00590813672170043 0.9929991364479065 0.11797391623258591 0.46148672699928284 -0.006555792409926653 -0.11793497949838638 0.9929996728897095 0.35754603147506714
0.9999609589576721 -0.006569252349436283 0.005906818434596062 -0.015681222081184387 0.005794600583612919 0.9924202561378479 0.12275374680757523 0.4797401428222656 -0.006668446585536003 -0.12271473556756973 0.9924196004867554 0.3701435327529907
0.9999586343765259 -0.0071523599326610565 0.005618704482913017 -0.01637447439134121 0.006380758248269558 0.9918776750564575 0.12703505158424377 0.49695849418640137 -0.00648166798055172 -0.12699395418167114 0.99188232421875 0.38404542207717896
0.9999593496322632 -0.007470976561307907 0.0050447070971131325 -0.016815293580293655 0.00674101710319519 0.9912534952163696 0.13179919123649597 0.5138886570930481 -0.005985252559185028 -0.13175982236862183 0.9912636280059814 0.39729341864585876
0.9999576807022095 -0.00791581254452467 0.004688650835305452 -0.01746901124715805 0.007203004322946072 0.9906421303749084 0.13629472255706787 0.5302340984344482 -0.005723658483475447 -0.1362551748752594 0.9906572103500366 0.4099046587944031
0.9999547004699707 -0.008294721134006977 0.004673716612160206 -0.01784663088619709 0.007552000693976879 0.9899573922157288 0.14116427302360535 0.5466736555099487 -0.00579769816249609 -0.14112257957458496 0.9899751543998718 0.4225529134273529
0.9999554753303528 -0.008509073406457901 0.00408243527635932 -0.01831064000725746 0.007822796702384949 0.989277184009552 0.14584048092365265 0.5624577403068542 -0.005279627162963152 -0.14580203592777252 0.9892997145652771 0.43488171696662903
0.9999550580978394 -0.008394666016101837 0.004399070516228676 -0.017910901457071304 0.007634259760379791 0.9885046482086182 0.15099763870239258 0.578607976436615 -0.005616076290607452 -0.15095728635787964 0.988524317741394 0.4464583396911621
0.9999521970748901 -0.008777737617492676 0.004302425310015678 -0.01816006563603878 0.008000567555427551 0.9877628087997437 0.15575820207595825 0.5939611792564392 -0.005616980604827404 -0.15571632981300354 0.987785816192627 0.45784854888916016
0.9999478459358215 -0.00957485195249319 0.0035499166697263718 -0.019146203994750977 0.008882367052137852 0.9870380759239197 0.16024039685726166 0.6084617972373962 -0.005038181319832802 -0.16020052134990692 0.9870716333389282 0.46968698501586914
0.9999474883079529 -0.009688885882496834 0.003332181368023157 -0.01925007626414299 0.009004931896924973 0.9862045049667358 0.16528646647930145 0.6230232119560242 -0.0048876539804041386 -0.16524778306484222 0.9862399697303772 0.4805331528186798
0.9999430775642395 -0.01033577136695385 0.0026418077759444714 -0.019930172711610794 0.009736163541674614 0.9853916764259338 0.1700247973203659 0.6371137499809265 -0.004360552877187729 -0.16998939216136932 0.9854362607002258 0.4920135736465454
0.9999405145645142 -0.01060149259865284 0.0025640996173024178 -0.02000790648162365 0.009989088401198387 0.9845119118690491 0.17503301799297333 0.6511101126670837 -0.0043799979612231255 -0.1749969869852066 0.9845592379570007 0.502705991268158
0.9999386072158813 -0.010785822756588459 0.0025484124198555946 -0.019886160269379616 0.010151264257729053 0.983625054359436 0.17994095385074615 0.6650692224502563 -0.004447493702173233 -0.1799040287733078 0.9836741089820862 0.5130227208137512
0.9999321103096008 -0.011545415036380291 0.0015883289743214846 -0.020753836259245872 0.011054153554141521 0.9827682375907898 0.18451109528541565 0.6778326630592346 -0.003691216232255101 -0.18448099493980408 0.9828291535377502 0.522822916507721
0.9999246001243591 -0.012201971374452114 0.0013743024319410324 -0.021265679970383644 0.011721004731953144 0.9818378686904907 0.1893593668937683 0.6904290914535522 -0.0036598998121917248 -0.18932896852493286 0.9819068908691406 0.5320565700531006
0.9999201893806458 -0.012599864043295383 0.0009337974479421973 -0.021502962335944176 0.012178569100797176 0.9808809161186218 0.19422747194766998 0.7032299041748047 -0.0033631836995482445 -0.19420059025287628 0.9809560775756836 0.5419369339942932
0.9999175667762756 -0.012815912254154682 0.0007518562488257885 -0.021364683285355568 0.012409585528075695 0.9798968434333801 0.19911853969097137 0.7154554128646851 -0.0032886271364986897 -0.1990927904844284 0.9799751043319702 0.5508798956871033
0.9999098777770996 -0.013421940617263317 0.00032784335780888796 -0.021741921082139015 0.013073555193841457 0.9789328575134277 0.2037634402513504 0.7275901436805725 -0.003055837471038103 -0.20374079048633575 0.9790201187133789 0.5603675246238708
0.9998975992202759 -0.014290385879576206 -0.0007351592066697776 -0.022856008261442184 0.014130656607449055 0.9780190587043762 0.2080361694097519 0.7382279634475708 -0.002253917744383216 -0.208025261759758 0.9781208634376526 0.5695723295211792
0.9998950362205505 -0.01446629874408245 -0.0008349354029633105 -0.022524258121848106 0.014310849830508232 0.9768245220184326 0.21356265246868134 0.7503964900970459 -0.002273875754326582 -0.21355219185352325 0.9769290089607239 0.5769810676574707
0.9998806118965149 -0.015367161482572556 -0.0016030543483793736 -0.023416243493556976 0.015347480773925781 0.9758862257003784 0.21773965656757355 0.7605610489845276 -0.0017816415056586266 -0.21773825585842133 0.9760055541992188 0.5861929059028625
0.9998751878738403 -0.0156735610216856 -0.0019725835882127285 -0.023195214569568634 0.015719188377261162 0.9747557640075684 0.2227196991443634 0.7719072103500366 -0.001568023581057787 -0.22272291779518127 0.9748805165290833 0.5942497253417969
0.9998640418052673 -0.016314351931214333 -0.002399675315245986 -0.023412039503455162 0.016432004049420357 0.9735644459724426 0.2278207540512085 0.7823108434677124 -0.0013805096969008446 -0.2278292179107666 0.9737001061439514 0.6017410755157471
0.9998514652252197 -0.016972936689853668 -0.0029966512229293585 -0.023663386702537537 0.01720442995429039 0.9724256992340088 0.2325773686170578 0.7920807003974915 -0.0010335000697523355 -0.23259438574314117 0.9725732803344727 0.6093131303787231
0.9998382329940796 -0.017620380967855453 -0.003613598644733429 -0.02402704395353794 0.0179743692278862 0.9712018370628357 0.23757925629615784 0.8016430139541626 -0.0006767035229131579 -0.23760578036308289 0.9713614583015442 0.6166086792945862
0.9998272061347961 -0.01813547872006893 -0.00407514488324523 -0.023992642760276794 0.01858231984078884 0.9699492454528809 0.24259677529335022 0.811314046382904 -0.00044692493975162506 -0.24263060092926025 0.9701186418533325 0.6233646869659424
0.9998184442520142 -0.018530379980802536 -0.0044437553733587265 -0.023778999224305153 0.019053641706705093 0.9686696529388428 0.2476208209991455 0.8204745650291443 -0.00028397655114531517 -0.24766051769256592 0.96884685754776 0.6299521923065186
0.9997934103012085 -0.019598154351115227 -0.0053934031166136265 -0.024342209100723267 0.02032496966421604 0.9673778414726257 0.25252124667167664 0.8293572664260864 0.000268508680164814 -0.2525787055492401 0.9675763249397278 0.6368792653083801
0.9997719526290894 -0.02045842632651329 -0.006123802624642849 -0.024903757497668266 0.0213453471660614 0.966086208820343 0.25733596086502075 0.8374984264373779 0.0006514328997582197 -0.2574079632759094 0.9663025736808777 0.6432907581329346
0.9997531771659851 -0.021102773025631905 -0.006944562308490276 -0.025148991495370865 0.0221854280680418 0.964756965637207 0.26220569014549255 0.8455756902694702 0.0011665474157780409 -0.26229503750801086 0.96498703956604 0.6489787101745605
0.9997281432151794 -0.021970340982079506 -0.007807519752532244 -0.02562352828681469 0.02325771562755108 0.9633819460868835 0.2671222984790802 0.8533774018287659 0.001652854960411787 -0.2672312557697296 0.9636310338973999 0.6556499004364014
0.9997024536132812 -0.022832300513982773 -0.00858211051672697 -0.026028482243418694 0.02430558204650879 0.9620478749275208 0.2717961370944977 0.8606159687042236 0.002050670562312007 -0.27192386984825134 0.9623165726661682 0.6610392332077026
0.9996885657310486 -0.023289047181606293 -0.00896694790571928 -0.02561727911233902 0.024862077087163925 0.9605180025100708 0.27710482478141785 0.8682918548583984 0.0021594075951725245 -0.27724143862724304 0.9607978463172913 0.6664146184921265
0.9996664524078369 -0.023901021108031273 -0.009785918518900871 -0.025721415877342224 0.02568974159657955 0.9591999650001526 0.28155896067619324 0.8746920824050903 0.002657106379047036 -0.2817164361476898 0.9594940543174744 0.6710556745529175
0.9996401071548462 -0.024633709341287613 -0.010622519068419933 -0.02606426551938057 0.026645708829164505 0.9576335549354553 0.28675422072410583 0.8819543123245239 0.003108660690486431 -0.2869340479373932 0.9579452872276306 0.6764411926269531
0.9996023178100586 -0.025583812966942787 -0.011860271915793419 -0.026678992435336113 0.02792852558195591 0.9563236832618713 0.290972501039505 0.8876202702522278 0.003898074384778738 -0.2911880314350128 0.956657886505127 0.6813902854919434
0.9995864033699036 -0.0260508693754673 -0.012179912067949772 -0.026358718052506447 0.028487470000982285 0.9549116492271423 0.2955203056335449 0.8937785625457764 0.0039321789517998695 -0.2957450747489929 0.9552587866783142 0.6858679056167603
0.9995460510253906 -0.027020515874028206 -0.013325243256986141 -0.027010181918740273 0.02977527491748333 0.9534212946891785 0.3001687824726105 0.8992800116539001 0.004593853838741779 -0.3004293143749237 0.9537930488586426 0.6901586651802063
0.9995168447494507 -0.027643617242574692 -0.014210836961865425 -0.027283594012260437 0.030660763382911682 0.9519288539886475 0.3047807812690735 0.9047057032585144 0.0051024616695940495 -0.3050692081451416 0.9523165225982666 0.6943238973617554
0.9994921088218689 -0.028237221762537956 -0.01476905308663845 -0.027018459513783455 0.03142469748854637 0.9502849578857422 0.30979183316230774 0.9099823236465454 0.0052871485240757465 -0.3100986182689667 0.9506896734237671 0.6980265974998474
0.9994626045227051 -0.028810137882828712 -0.015637028962373734 -0.02744406834244728 0.03226582333445549 0.9488068222999573 0.3142046630382538 0.9145196080207825 0.00578423822298646 -0.3145403563976288 0.9492264986038208 0.7018156051635742
0.999419629573822 -0.029699008911848068 -0.016685698181390762 -0.027730736881494522 0.03347282484173775 0.9471209049224854 0.31912627816200256 0.9191732406616211 0.006325638387352228 -0.31949958205223083 0.9475653171539307 0.705604612827301
0.9994051456451416 -0.029967349022626877 -0.017068982124328613 -0.027367103844881058 0.03388208523392677 0.9455033540725708 0.32384464144706726 0.9233500957489014 0.006434015464037657 -0.3242303431034088 0.945956289768219 0.70844566822052
0.9993870854377747 -0.030377747491002083 -0.01739778369665146 -0.027432849630713463 0.03441154211759567 0.943753182888031 0.3288552761077881 0.9272645711898804 0.006429331377148628 -0.3292524218559265 0.9442200660705566 0.7118794918060303
0.9993484616279602 -0.031306274235248566 -0.017960647121071815 -0.028316687792539597 0.03550697863101959 0.9420339465141296 0.3336334526538849 0.9305359125137329 0.006474719848483801 -0.33405378460884094 0.9425317645072937 0.7139333486557007
0.9993799924850464 -0.031100798398256302 -0.016502458602190018 -0.02776600420475006 0.0348563976585865 0.9400491714477539 0.3392530381679535 0.9343472719192505 0.004962082486599684 -0.33961793780326843 0.9405503869056702 0.7170803546905518
