0.9998800158500671 0.0025029999669641256 -0.015279999934136868 61.27018737792969 0.00810100045055151 0.756443977355957 0.6540079712867737 -2305.6142578125 0.013195999898016453 -0.6540529727935791 0.7563329935073853 -1121.3778076171875
0.9998769760131836 0.002572000026702881 -0.015495999716222286 59.805084228515625 0.008249999955296516 0.7535030245780945 0.6573929786682129 -2251.10888671875 0.0133670000359416 -0.6574400067329407 0.7533890008926392 -1095.593994140625
0.9998729825019836 0.002641000086441636 -0.01571200042963028 58.353450775146484 0.00839999970048666 0.7505580186843872 0.6607509851455688 -2197.175048828125 0.013538000173866749 -0.6607999801635742 0.7504400014877319 -1070.21240234375
0.9998689889907837 0.0027119999285787344 -0.01592699997127056 56.915489196777344 0.008550000376999378 0.7476069927215576 0.6640859842300415 -2143.816162109375 0.01370800007134676 -0.6641349792480469 0.7474870085716248 -1045.23095703125
0.9998660087585449 0.0027830000035464764 -0.016141999512910843 55.49139404296875 0.008701999671757221 0.7446510195732117 0.6673979759216309 -2091.03564453125 0.013876999728381634 -0.6674479842185974 0.7445269823074341 -1020.6473999023438
0.999862015247345 0.0028550000861287117 -0.016356000676751137 54.081363677978516 0.008853999897837639 0.741686999797821 0.6706870198249817 -2038.8363037109375 0.014046000316739082 -0.670740008354187 0.7415599822998047 -996.4597778320312
0.999858021736145 0.0029279999434947968 -0.01657100021839142 52.68559646606445 0.009006000123918056 0.7387170195579529 0.6739559769630432 -1987.221923828125 0.01421399973332882 -0.6740099787712097 0.7385860085487366 -972.6659545898438
0.9998549818992615 0.0030010000336915255 -0.016784999519586563 51.30428695678711 0.009159999899566174 0.73573899269104 0.6772029995918274 -1936.1956787109375 0.01438200008124113 -0.6772580146789551 0.735605001449585 -949.2637939453125
0.9998509883880615 0.0030759999062865973 -0.016999000683426857 49.9376335144043 0.00931399967521429 0.7327560186386108 0.6804280281066895 -1885.7606201171875 0.014547999948263168 -0.6804850101470947 0.732617974281311 -926.2511596679688
0.9998469948768616 0.0031510000117123127 -0.017211999744176865 48.58583450317383 0.009468999691307545 0.7297670245170593 0.6836299896240234 -1835.9202880859375 0.014715000055730343 -0.6836879849433899 0.7296259999275208 -903.6258544921875
0.9998430013656616 0.0032259998843073845 -0.01742500066757202 47.24908447265625 0.009624999947845936 0.7267760038375854 0.6868069767951965 -1786.677734375 0.014879999682307243 -0.6868669986724854 0.7266309857368469 -881.3857421875
0.9998390078544617 0.0033019999973475933 -0.01763799972832203 45.92758560180664 0.009781000204384327 0.723783016204834 0.6899579763412476 -1738.0361328125 0.015045000240206718 -0.6900190114974976 0.7236350178718567 -859.5287475585938
0.9998350143432617 0.003378999885171652 -0.017855999991297722 44.62153625488281 0.009940999560058117 0.7207840085029602 0.6930890083312988 -1689.998779296875 0.015212000347673893 -0.6931520104408264 0.7206310033798218 -838.0526123046875
0.9998310208320618 0.0034570000134408474 -0.018062999472022057 43.33113098144531 0.010095999576151371 0.7177709937095642 0.6962059736251831 -1642.56884765625 0.015371999703347683 -0.6962710022926331 0.7176139950752258 -816.9552612304688
0.9998270273208618 0.0035359999164938927 -0.018239999189972878 42.05656433105469 0.010230000130832195 0.7147510051727295 0.6993039846420288 -1595.74951171875 0.01551000028848648 -0.6993700265884399 0.7145919799804688 -796.234375
0.9998239874839783 0.0036150000523775816 -0.018408000469207764 40.79800796508789 0.010358000174164772 0.7117329835891724 0.7023739814758301 -1549.5439453125 0.015639999881386757 -0.7024409770965576 0.7115700244903564 -775.887939453125
0.9998210072517395 0.003693999955430627 -0.01857900060713291 39.55561828613281 0.010490000247955322 0.7087159752845764 0.7054160237312317 -1503.9552001953125 0.015773000195622444 -0.7054839730262756 0.708549976348877 -755.91357421875
0.9998170137405396 0.003774000098928809 -0.018750999122858047 38.329559326171875 0.010622999630868435 0.7056999802589417 0.7084310054779053 -1458.986572265625 0.01590600050985813 -0.7085000276565552 0.7055310010910034 -736.3092041015625
0.999813973903656 0.003854000009596348 -0.01892399974167347 37.1199951171875 0.01075700018554926 0.7026789784431458 0.7114250063896179 -1414.6409912109375 0.01603900082409382 -0.7114959955215454 0.7025070190429688 -717.0725708007812
0.999809980392456 0.00393499992787838 -0.019092999398708344 35.927085876464844 0.010889999568462372 0.69964599609375 0.7144070267677307 -1370.921630859375 0.016169000416994095 -0.7144790291786194 0.6994699835777283 -698.2014770507812
0.9998070001602173 0.004015999846160412 -0.019254999235272408 34.75099563598633 0.011017000302672386 0.6966059803962708 0.717369019985199 -1327.83154296875 0.016294000670313835 -0.717441976070404 0.6964269876480103 -679.6937255859375
0.9998030066490173 0.004098000004887581 -0.019412999972701073 33.59187698364258 0.011144000105559826 0.6935679912567139 0.7203050255775452 -1285.3739013671875 0.016416000202298164 -0.7203789949417114 0.6933860182762146 -661.5470581054688
0.9998000264167786 0.00418000016361475 -0.019572999328374863 32.449886322021484 0.011270999908447266 0.690530002117157 0.7232159972190857 -1243.5516357421875 0.01653899997472763 -0.7232909798622131 0.6903449892997742 -643.75927734375
0.9997959733009338 0.004261999856680632 -0.019732000306248665 31.325172424316406 0.01140000019222498 0.6874909996986389 0.7261030077934265 -1202.367919921875 0.01666099950671196 -0.7261800169944763 0.6873030066490173 -626.3280639648438
0.9997929930686951 0.00434499979019165 -0.019890999421477318 30.217891693115234 0.011528999544680119 0.684453010559082 0.7289649844169617 -1161.8255615234375 0.0167820006608963 -0.7290440201759338 0.6842610239982605 -609.2512817382812
0.9997889995574951 0.0044280001893639565 -0.02005000039935112 29.128198623657227 0.011657999828457832 0.6814180016517639 0.7318019866943359 -1121.927734375 0.016902999952435493 -0.7318810224533081 0.6812229752540588 -592.5266723632812
0.9997860193252563 0.004511000122874975 -0.020208999514579773 28.056243896484375 0.011788000352680683 0.6783779859542847 0.7346180081367493 -1082.6773681640625 0.017023000866174698 -0.734699010848999 0.6781799793243408 -576.1519165039062
0.9997820258140564 0.004596000071614981 -0.020367000252008438 27.002182006835938 0.01191799994558096 0.6753270030021667 0.737421989440918 -1044.0775146484375 0.017142999917268753 -0.7375040054321289 0.675125002861023 -560.1248168945312
0.9997779726982117 0.004679999779909849 -0.020524999126791954 25.966167449951172 0.012048999778926373 0.6722720265388489 0.7402060031890869 -1006.1309814453125 0.01726200059056282 -0.7402899861335754 0.6720659732818604 -544.443115234375
0.9997749924659729 0.004765000194311142 -0.020681999623775482 24.94835090637207 0.012179999612271786 0.6692219972610474 0.7429630160331726 -968.8408203125 0.01738099940121174 -0.7430480122566223 0.6690130233764648 -529.1044921875
0.999770998954773 0.0048500001430511475 -0.020841000601649284 23.948888778686523 0.012312999926507473 0.666176974773407 0.7456920146942139 -932.2098999023438 0.017500000074505806 -0.7457780241966248 0.6659650206565857 -514.1067504882812
0.999767005443573 0.004935000091791153 -0.020997000858187675 22.967933654785156 0.012443999759852886 0.6631379723548889 0.7483940124511719 -896.2412109375 0.0176170002669096 -0.7484809756278992 0.6629220247268677 -499.4475402832031
0.9997640252113342 0.0050200000405311584 -0.021146999672055244 22.00563621520996 0.012571999803185463 0.6600970029830933 0.7510759830474854 -860.9376220703125 0.017728999257087708 -0.7511640191078186 0.6598780155181885 -485.1246643066406
0.9997599720954895 0.005106000229716301 -0.02129399962723255 21.062145233154297 0.01269800029695034 0.657043993473053 0.7537450194358826 -826.3019409179688 0.017839999869465828 -0.7538350224494934 0.6568220257759094 -471.1358337402344
0.9997569918632507 0.005193000193685293 -0.021441999822854996 20.137605667114258 0.012826000340282917 0.6539890170097351 0.7563949823379517 -792.3370971679688 0.01795100048184395 -0.7564859986305237 0.653764009475708 -457.4787292480469
0.9997529983520508 0.005278999917209148 -0.02159000001847744 19.232162475585938 0.012954000383615494 0.6509400010108948 0.7590190172195435 -759.0459594726562 0.018061000853776932 -0.7591109871864319 0.6507109999656677 -444.15106201171875
0.9997490048408508 0.005365999881178141 -0.021736999973654747 18.345964431762695 0.01308200042694807 0.647894024848938 0.7616180181503296 -726.4313354492188 0.01816999912261963 -0.7617120146751404 0.6476609706878662 -431.1506042480469
0.9997460246086121 0.005452999845147133 -0.021883999928832054 17.479154586791992 0.01321099977940321 0.6448500156402588 0.7641950249671936 -694.4960327148438 0.018279999494552612 -0.7642899751663208 0.6446139812469482 -418.4750061035156
0.9997419714927673 0.005541000049561262 -0.02203099988400936 16.631877899169922 0.013340000063180923 0.6418070197105408 0.7667509913444519 -663.2428588867188 0.01838799938559532 -0.7668470144271851 0.6415669918060303 -406.12200927734375
0.9997379779815674 0.005628000013530254 -0.02217799983918667 15.80428409576416 0.0134699996560812 0.6387640237808228 0.7692840099334717 -632.6746215820312 0.01849599927663803 -0.7693819999694824 0.6385210156440735 -394.0892639160156
0.9997339844703674 0.005716000217944384 -0.022324999794363976 14.996515274047852 0.01360000018030405 0.6357240080833435 0.7717970013618469 -602.7941284179688 0.01860399916768074 -0.7718960046768188 0.6354770064353943 -382.3745422363281
0.9997310042381287 0.005803999956697226 -0.022470999509096146 14.208719253540039 0.013729999773204327 0.6326839923858643 0.7742879986763 -573.6040649414062 0.018711000680923462 -0.7743880152702332 0.6324340105056763 -370.97552490234375
0.9997270107269287 0.005892000161111355 -0.022614000365138054 13.441040992736816 0.01385900005698204 0.6296460032463074 0.7767590284347534 -545.1072387695312 0.01881599985063076 -0.7768599987030029 0.6293920278549194 -359.889892578125
0.9997230172157288 0.005981000140309334 -0.022755999118089676 12.693622589111328 0.013988000340759754 0.6266099810600281 0.7792080044746399 -517.3063354492188 0.018919000402092934 -0.7793099880218506 0.6263520121574402 -349.1153259277344
0.9997190237045288 0.006070000119507313 -0.022897999733686447 11.966609001159668 0.014116999693214893 0.62357497215271 0.7816359996795654 -490.2041320800781 0.019022999331355095 -0.7817400097846985 0.6233149766921997 -338.6495666503906
0.9997159838676453 0.006159000098705292 -0.02304000034928322 11.26014232635498 0.014247000217437744 0.6205440163612366 0.7840420007705688 -463.8032531738281 0.01912599988281727 -0.7841479778289795 0.6202790141105652 -328.49029541015625
0.9997119903564453 0.006248000077903271 -0.02318199910223484 10.574363708496094 0.01437699981033802 0.6175150275230408 0.7864279747009277 -438.10638427734375 0.019229000434279442 -0.7865350246429443 0.6172469854354858 -318.6351623535156
0.9997079968452454 0.00633700005710125 -0.023322999477386475 9.909417152404785 0.014507999643683434 0.6144890189170837 0.7887920141220093 -413.1162414550781 0.01933100074529648 -0.7889000177383423 0.6142169833183289 -309.0819091796875
0.9997040033340454 0.006426999811083078 -0.023465000092983246 9.265445709228516 0.014638000167906284 0.6114670038223267 0.7911339998245239 -388.8354797363281 0.019432000815868378 -0.7912439703941345 0.611191987991333 -299.8282165527344
