0.9999860525131226 6.016113547957502e-05 0.005275681149214506 -0.032139141112565994 -6.65321567794308e-05 0.9999992847442627 0.0012074540136381984 0.0005717423046007752 -0.005275604780763388 -0.0012077881256118417 0.9999853372573853 -0.1458185464143753
0.9999852180480957 -0.0009124201023951173 0.0053632138296961784 -0.022742746397852898 0.0009094100678339601 0.9999994039535522 0.0005636517889797688 0.0013024223735556006 -0.005363725125789642 -0.000558766070753336 0.9999854564666748 -0.12613432109355927
0.9999957084655762 -0.000160057854373008 0.002927845111116767 -0.005296681076288223 0.00015886404435150325 0.9999998807907104 0.00040797298424877226 -0.0021683224476873875 -0.00292791030369699 -0.00040750610060058534 0.9999956488609314 -0.09480611979961395
0.9999973773956299 -0.0005932889762334526 0.002216602908447385 0.0059613571502268314 0.0005906717269681394 0.9999991059303284 0.0011811999138444662 -0.002001859014853835 -0.0022173018660396338 -0.0011798874475061893 0.9999968409538269 -0.07615428417921066
0.9999998807907104 0.00040267978329211473 -0.00017235793347936124 0.01769535429775715 -0.00040244217962026596 0.9999989867210388 0.0013763217721134424 -0.00372372311539948 0.00017291198309976608 -0.0013762523885816336 0.9999990463256836 -0.0501154325902462
0.999997079372406 0.0012258964125066996 -0.0020907532889395952 0.027731643989682198 -0.0012219753116369247 0.9999974966049194 0.0018756977515295148 -0.0028665103018283844 0.0020930476021021605 -0.0018731373129412532 0.9999960660934448 -0.02654525265097618
0.9999925494194031 0.0014195350231602788 -0.0035837243776768446 0.038682322949171066 -0.0014107056194916368 0.9999959468841553 0.0024650911800563335 -0.0033086466137319803 0.0035872093867510557 -0.0024600173346698284 0.9999905228614807 -0.0055532571859657764
0.9999831318855286 0.0020115047227591276 -0.0054524559527635574 0.04883809760212898 -0.001994009828194976 0.999992847442627 0.0032121858093887568 -0.003331452375277877 0.005458878353238106 -0.003201259532943368 0.9999799728393555 0.016573557630181313
0.9999767541885376 0.0019871098920702934 -0.006526215933263302 0.05896497517824173 -0.0019729607738554478 0.9999957084655762 0.0021737790666520596 -0.004577516578137875 0.00653050746768713 -0.0021608523093163967 0.9999763369560242 0.03901267424225807
0.9999635815620422 0.00261452654376626 -0.008122596889734268 0.06806838512420654 -0.0025916602462530136 0.9999926686286926 0.0028244261629879475 -0.005094052292406559 0.008129922673106194 -0.0028032721020281315 0.9999630451202393 0.06315039843320847
0.9999538064002991 0.0026175694074481726 -0.009251180104911327 0.07779631018638611 -0.0025829158257693052 0.9999896287918091 0.0037558190524578094 -0.004311464261263609 0.009260914288461208 -0.0037317504175007343 0.9999501705169678 0.08923963457345963
0.999939501285553 0.002661836566403508 -0.010673027485609055 0.08828190714120865 -0.0026186464820057154 0.999988317489624 0.0040585980750620365 -0.005226639099419117 0.010683706030249596 -0.0040304032154381275 0.9999347925186157 0.11185440421104431
0.9999181032180786 0.0032226417679339647 -0.012384899891912937 0.09953298419713974 -0.003171247662976384 0.9999862909317017 0.004167124163359404 -0.008196900598704815 0.012398160062730312 -0.00412750756368041 0.9999146461486816 0.14562201499938965
0.9998944401741028 0.0037625886034220457 -0.014034123159945011 0.10866864770650864 -0.003704811679199338 0.9999845623970032 0.00414063036441803 -0.008806672878563404 0.014049486257135868 -0.004088199697434902 0.9998929500579834 0.16597001254558563
0.9998636841773987 0.004488599020987749 -0.015888798981904984 0.11753036826848984 -0.004402475897222757 0.9999754428863525 0.005451189819723368 -0.0089779794216156 0.015912875533103943 -0.005380496848374605 0.9998589158058167 0.1951940953731537
0.9998515248298645 0.004226961173117161 -0.016704969108104706 0.12622353434562683 -0.004143860191106796 0.9999788999557495 0.005006095394492149 -0.010133210569620132 0.016725778579711914 -0.004936128854751587 0.999847948551178 0.2177419811487198
0.9998295903205872 0.004309153649955988 -0.017950326204299927 0.13451172411441803 -0.004209705162793398 0.9999756217002869 0.005574299953877926 -0.009467540308833122 0.01797390729188919 -0.005497784353792667 0.9998233318328857 0.23973321914672852
0.9997973442077637 0.004943332634866238 -0.019516028463840485 0.143037810921669 -0.004835847765207291 0.9999728798866272 0.005550871137529612 -0.010581063106656075 0.019542939960956573 -0.005455369595438242 0.9997941255569458 0.2625845968723297
0.9997711777687073 0.005248507019132376 -0.02073718048632145 0.15107391774654388 -0.005124290939420462 0.9999686479568481 0.006038637366145849 -0.010898947715759277 0.020768223330378532 -0.005930992309004068 0.9997667074203491 0.2896386682987213
0.9997597336769104 0.0050779422745108604 -0.021324578672647476 0.15926893055438995 -0.0049544572830200195 0.9999706745147705 0.005839582532644272 -0.010766164399683475 0.02135360613465309 -0.005732527934014797 0.9997555613517761 0.3116926848888397
0.9996994137763977 0.0064042843878269196 -0.023664861917495728 0.16563370823860168 -0.006245864555239677 0.9999576210975647 0.006762177217751741 -0.010578036308288574 0.02370716631412506 -0.006612337660044432 0.9996970891952515 0.33825528621673584
0.9996887445449829 0.0061330427415668964 -0.024183042347431183 0.17366188764572144 -0.0059750317595899105 0.9999603629112244 0.006600793916732073 -0.010035939514636993 0.024222567677497864 -0.00645424472168088 0.9996857643127441 0.3565734922885895
0.999651312828064 0.006681120488792658 -0.025546152144670486 0.18182703852653503 -0.006504751276224852 0.9999544620513916 0.006980824749916792 -0.010642340406775475 0.02559163048863411 -0.00681221904233098 0.9996492862701416 0.38316208124160767
0.9996162056922913 0.0069120521657168865 -0.02682720124721527 0.18932929635047913 -0.006733251269906759 0.9999545812606812 0.0067495363764464855 -0.010963799431920052 0.026872634887695312 -0.006566311698406935 0.9996172785758972 0.4058346152305603
0.9995851516723633 0.0071576545014977455 -0.027896974235773087 0.1962132751941681 -0.006974194198846817 0.9999534487724304 0.006668117828667164 -0.011257784441113472 0.027943402528762817 -0.006470792926847935 0.9995885491371155 0.43094033002853394
0.9995487928390503 0.007727921009063721 -0.029026295989751816 0.2029023915529251 -0.007496572099626064 0.9999393224716187 0.008070721291005611 -0.009825127199292183 0.02908690646290779 -0.007849481888115406 0.9995460510253906 0.45414820313453674
0.9995071291923523 0.008220139890909195 -0.030296768993139267 0.21064387261867523 -0.007957302033901215 0.9999297261238098 0.008785826154053211 -0.010215074755251408 0.030366860330104828 -0.008540415205061436 0.9995023608207703 0.48026031255722046
0.9994734525680542 0.008385653607547283 -0.0313442088663578 0.2163548320531845 -0.008113852702081203 0.9999284744262695 0.008788622915744781 -0.010644229128956795 0.0314156673848629 -0.008529672399163246 0.9994699954986572 0.5019046068191528
0.9994440674781799 0.008295156992971897 -0.03229239583015442 0.22432932257652283 -0.008023793809115887 0.9999314546585083 0.008523830212652683 -0.012616243213415146 0.03236088901758194 -0.008259984664618969 0.9994421005249023 0.5258728265762329
0.9993502497673035 0.009282072074711323 -0.03482762351632118 0.23425479233264923 -0.008947744034230709 0.9999125003814697 0.00974311213940382 -0.01580829732120037 0.0349150113761425 -0.009425153024494648 0.9993458390235901 0.5697661638259888
0.9993075132369995 0.009419025853276253 -0.03599610552191734 0.24182625114917755 -0.009070457890629768 0.9999104738235474 0.009834546595811844 -0.019174030050635338 0.03608551248908043 -0.00950123555958271 0.9993035197257996 0.6014612317085266
0.9992687702178955 0.009630250744521618 -0.037002891302108765 0.24872717261314392 -0.009249002672731876 0.9999024868011475 0.01046060211956501 -0.02077569253742695 0.03710002452135086 -0.010110713541507721 0.999260425567627 0.6365650296211243
0.999204158782959 0.010154097341001034 -0.03857431933283806 0.256511390209198 -0.009731722064316273 0.9998908042907715 0.011121689341962337 -0.022070828825235367 0.03868303820490837 -0.010737444274127483 0.9991938471794128 0.6679586172103882
0.9991695284843445 0.010406946763396263 -0.03939436003565788 0.2626692056655884 -0.009974973276257515 0.9998881220817566 0.011146098375320435 -0.02176036685705185 0.03950594738125801 -0.01074388436973095 0.9991616010665894 0.6844617128372192
0.9990766048431396 0.011581692844629288 -0.041373420506715775 0.26877540349960327 -0.011096801608800888 0.9998672604560852 0.011930368840694427 -0.020612752065062523 0.041506100445985794 -0.011460240930318832 0.9990725517272949 0.7093409299850464
0.9990360736846924 0.01192535925656557 -0.042245328426361084 0.2748458981513977 -0.011442591436207294 0.9998666644096375 0.011651142500340939 -0.01884852722287178 0.04237864166498184 -0.011156515218317509 0.999039351940155 0.7276719212532043
0.998985230922699 0.011945218779146671 -0.043426550924777985 0.2813965082168579 -0.011443761177361012 0.9998651742935181 0.011777595616877079 -0.016890812665224075 0.043561384081840515 -0.011268679983913898 0.9989871978759766 0.7526400685310364
0.9989611506462097 0.011739412322640419 -0.0440320260822773 0.28842294216156006 -0.011246273294091225 0.9998714327812195 0.011430609971284866 -0.01668521575629711 0.04416055604815483 -0.010923538357019424 0.9989647269248962 0.7785710692405701
0.9988667368888855 0.012839333154261112 -0.04582982882857323 0.29336482286453247 -0.01230809185653925 0.9998539686203003 0.011855058372020721 -0.014484627172350883 0.045975346118211746 -0.011277545243501663 0.9988788962364197 0.8020312786102295
0.9988453984260559 0.012557310052216053 -0.04636984318494797 0.3005391061306 -0.012022673152387142 0.9998582005500793 0.011790793389081955 -0.013896718621253967 0.04651132971048355 -0.0112196896225214 0.9988547563552856 0.8290249109268188
0.998793363571167 0.012838098220527172 -0.04740269109606743 0.30645614862442017 -0.012276087887585163 0.9998511075973511 0.01212823111563921 -0.01230570301413536 0.047551337629556656 -0.011531676165759563 0.9988022446632385 0.8514351844787598
0.9987254738807678 0.013280495069921017 -0.0486929714679718 0.31197285652160645 -0.01271068025380373 0.9998472929000854 0.011993234977126122 -0.012647505849599838 0.04884481430053711 -0.01135902851819992 0.9987418055534363 0.8813836574554443
0.998661994934082 0.01371031254529953 -0.04986252263188362 0.3170466721057892 -0.013123666867613792 0.9998409748077393 0.01207368727773428 -0.012557605281472206 0.05002012476325035 -0.011403153650462627 0.9986830949783325 0.9085813164710999
0.9985973834991455 0.014030983671545982 -0.05105320364236832 0.32193294167518616 -0.013416195288300514 0.9998335242271423 0.012364975176751614 -0.011766841635107994 0.051218196749687195 -0.01166269276291132 0.9986193776130676 0.937298595905304
0.9985150694847107 0.01493060402572155 -0.05239053815603256 0.3268256187438965 -0.014260176569223404 0.9998118877410889 0.01314730104058981 -0.010871765203773975 0.052576981484889984 -0.01238067913800478 0.9985401034355164 0.9626575708389282
0.9984826445579529 0.01476261392235756 -0.05305184796452522 0.33293402194976807 -0.014100085943937302 0.9998181462287903 0.012840982526540756 -0.011577796190977097 0.05323176458477974 -0.012073462828993797 0.9985091686248779 0.9920737147331238
0.9984080791473389 0.015116560272872448 -0.05433976277709007 0.33798813819885254 -0.014432183466851711 0.9998117685317993 0.012964841909706593 -0.010536088608205318 0.05452552065253258 -0.012159961275756359 0.9984383583068848 1.0207312107086182
0.9983506202697754 0.01551428809762001 -0.05527569726109505 0.34345895051956177 -0.014801163226366043 0.9998021721839905 0.01328736636787653 -0.009697343222796917 0.05547090247273445 -0.012447305954992771 0.9983826875686646 1.0480505228042603
0.9983171224594116 0.015418335795402527 -0.055903587490320206 0.3487967848777771 -0.014691846445202827 0.9998025298118591 0.013383200392127037 -0.008528810925781727 0.05609888955950737 -0.012539351359009743 0.9983464479446411 1.0739790201187134
0.9982226490974426 0.016160862520337105 -0.05736131966114044 0.35273879766464233 -0.015406920574605465 0.9997893571853638 0.013561751693487167 -0.00787612609565258 0.05756840854883194 -0.012653887271881104 0.9982613921165466 1.1021560430526733
0.998149573802948 0.016639024019241333 -0.0584859624505043 0.35689860582351685 -0.01585853472352028 0.999779224395752 0.013783850707113743 -0.006811865139752626 0.05870240181684494 -0.012830843217670918 0.998193085193634 1.1287323236465454
0.998071014881134 0.016968898475170135 -0.059718359261751175 0.3613029718399048 -0.01619616523385048 0.9997790455818176 0.013399967923760414 -0.007186227478086948 0.05993254855275154 -0.012406911700963974 0.9981253147125244 1.1604665517807007
0.9980146884918213 0.017397692427039146 -0.06053128093481064 0.365212619304657 -0.01659935899078846 0.9997687935829163 0.013666761107742786 -0.00585100706666708 0.060755059123039246 -0.01263484824448824 0.9980727434158325 1.1861705780029297
0.9979540705680847 0.017685940489172935 -0.061440251767635345 0.37028634548187256 -0.016839297488331795 0.9997563362121582 0.014270546846091747 -0.004226974211633205 0.06167767196893692 -0.013206739909946918 0.9980087280273438 1.216361165046692
0.9978880286216736 0.017811613157391548 -0.062467996031045914 0.3757007122039795 -0.01698649488389492 0.9997616410255432 0.013715013861656189 -0.004249353893101215 0.0626973956823349 -0.012624936178326607 0.9979526996612549 1.2426728010177612
0.9978272318840027 0.018110159784555435 -0.06334732472896576 0.3802097737789154 -0.01723172888159752 0.9997480511665344 0.01438587624579668 -0.002616466023027897 0.06359189748764038 -0.013263034634292126 0.9978878498077393 1.2691421508789062
0.9977426528930664 0.018588149920105934 -0.06452993303537369 0.383872389793396 -0.01767631061375141 0.9997360706329346 0.014672820456326008 -0.0022837333381175995 0.06478563696146011 -0.013499046675860882 0.9978079199790955 1.2977983951568604
0.9976539015769958 0.01896589621901512 -0.06577977538108826 0.38807761669158936 -0.018020886927843094 0.9997261166572571 0.014930040575563908 -0.0019693346694111824 0.06604492664337158 -0.013709603808820248 0.9977224469184875 1.3312872648239136
0.9976167678833008 0.018805690109729767 -0.06638658791780472 0.3927769064903259 -0.0178721621632576 0.9997332692146301 0.014628034085035324 -0.002675909548997879 0.06664397567510605 -0.013406699523329735 0.9976867437362671 1.361671805381775
0.9975123405456543 0.019578982144594193 -0.06771882623434067 0.3959408402442932 -0.018592145293951035 0.9997120499610901 0.015172293409705162 -0.002336125820875168 0.06799639016389847 -0.013875510543584824 0.9975890517234802 1.3949624300003052
0.9974291920661926 0.02003267966210842 -0.06880168616771698 0.39989376068115234 -0.01901320554316044 0.9997000098228455 0.015440661460161209 -0.001874697394669056 0.06909036636352539 -0.0140928253531456 0.9975108504295349 1.4286459684371948
0.9973334670066833 0.020631128922104836 -0.07000207155942917 0.4033990800380707 -0.019570453092455864 0.9996835589408875 0.01580427959561348 -9.56682488322258e-05 0.07030598074197769 -0.014392164535820484 0.9974216222763062 1.4548035860061646
0.9972897171974182 0.020702574402093887 -0.0706019401550293 0.4070737957954407 -0.019650232046842575 0.9996857047080994 0.015567446127533913 0.0007422184571623802 0.0709020346403122 -0.014137908816337585 0.9973830580711365 1.4818247556686401
0.9972305297851562 0.021053170785307884 -0.07133020460605621 0.41003456711769104 -0.019982891157269478 0.999677300453186 0.015685154125094414 0.0014187898486852646 0.07163740694522858 -0.014216331765055656 0.9973294138908386 1.509181022644043
0.9971404671669006 0.021703267470002174 -0.07238713651895523 0.41208454966545105 -0.020585885271430016 0.9996576905250549 0.016146773472428322 0.003809514455497265 0.07271280139684677 -0.01461044792085886 0.9972459077835083 1.5400415658950806
0.9970586895942688 0.022341318428516388 -0.07331350445747375 0.41505610942840576 -0.021200336515903473 0.9996423125267029 0.016304584220051765 0.005464943125844002 0.07365155220031738 -0.014702355489134789 0.9971756339073181 1.5695390701293945
0.9970205426216125 0.022199904546141624 -0.07387272268533707 0.4185197353363037 -0.02110065333545208 0.9996551871299744 0.015627780929207802 0.005412749946117401 0.07419418543577194 -0.014022455550730228 0.9971452355384827 1.5988816022872925
0.9969453811645508 0.022711459547281265 -0.07472658157348633 0.42105722427368164 -0.021591924130916595 0.9996427297592163 0.015755781903862953 0.007019951939582825 0.07505771517753601 -0.014094163663685322 0.997079610824585 1.6277399063110352
0.9968656897544861 0.02321517840027809 -0.07562986761331558 0.4235300123691559 -0.02207135781645775 0.999629557132721 0.015924924984574318 0.00875871442258358 0.07597155123949051 -0.014205757528543472 0.9970088005065918 1.6554286479949951
0.9967681765556335 0.023741859942674637 -0.07674353569746017 0.42557528614997864 -0.022572152316570282 0.9996159672737122 0.016073541715741158 0.01007035095244646 0.07709567993879318 -0.014289328828454018 0.9969213008880615 1.6865875720977783
0.9966992735862732 0.024241115897893906 -0.07747852057218552 0.4281090497970581 -0.02303161844611168 0.9995990991592407 0.01646650955080986 0.011833283118903637 0.07784662395715714 -0.014627702534198761 0.9968580603599548 1.7161526679992676
0.9967150688171387 0.02374172955751419 -0.07743017375469208 0.4321536421775818 -0.022525452077388763 0.9996093511581421 0.016543900594115257 0.012696183286607265 0.0777927041053772 -0.014745404943823814 0.9968605041503906 1.7453603744506836
0.9965639710426331 0.024822834879159927 -0.07901933044195175 0.43249231576919556 -0.02358236536383629 0.9995841979980469 0.016593100503087044 0.013526590541005135 0.07939835637807846 -0.014672623947262764 0.9967349767684937 1.7774776220321655
0.9965597987174988 0.0245942585170269 -0.07914339005947113 0.43595051765441895 -0.023334193974733353 0.9995864629745483 0.01680704951286316 0.014039743691682816 0.07952401041984558 -0.01490248367190361 0.9967215657234192 1.8110662698745728
0.9963871240615845 0.02585446648299694 -0.08089625090360641 0.43622535467147827 -0.0245650727301836 0.9995554685592651 0.01689387857913971 0.015145571902394295 0.08129707723855972 -0.014845620840787888 0.9965793490409851 1.840685248374939
0.9963696599006653 0.025658929720520973 -0.08117346465587616 0.43936672806739807 -0.024380957707762718 0.9995633363723755 0.016696076840162277 0.015869710594415665 0.08156642317771912 -0.014656377024948597 0.9965601563453674 1.8694348335266113
0.9962837100028992 0.026289641857147217 -0.0820222869515419 0.44157302379608154 -0.024981729686260223 0.9995445013046265 0.016931694000959396 0.017535747960209846 0.08243005722761154 -0.014819711446762085 0.9964866638183594 1.9012162685394287
0.996216356754303 0.0264449380338192 -0.0827864482998848 0.44392621517181396 -0.025129076093435287 0.9995414018630981 0.016896653920412064 0.018553825095295906 0.08319532126188278 -0.014752376824617386 0.9964240789413452 1.9312587976455688
0.9961376786231995 0.02695833332836628 -0.08356423676013947 0.44578981399536133 -0.025617675855755806 0.9995259642601013 0.017074553295969963 0.01979934424161911 0.08398492634296417 -0.014867885038256645 0.9963561296463013 1.9620397090911865
0.9960682392120361 0.027204738929867744 -0.08430875837802887 0.447915643453598 -0.025826210156083107 0.9995149970054626 0.017398865893483162 0.02149537391960621 0.08474120497703552 -0.015153082087635994 0.9962877631187439 1.9916003942489624
0.995960533618927 0.02791152149438858 -0.08534345775842667 0.4498828649520874 -0.02651410549879074 0.9994958639144897 0.01746409386396408 0.02245691977441311 0.08578788489103317 -0.015130743384361267 0.9961985349655151 2.0256731510162354
0.9959161877632141 0.02801835909485817 -0.08582520484924316 0.45229098200798035 -0.026611462235450745 0.9994927644729614 0.017493264749646187 0.022974880412220955 0.08627180755138397 -0.015137890353798866 0.996156632900238 2.0564589500427246
0.9957522749900818 0.02919304557144642 -0.08732253313064575 0.45264917612075806 -0.027725795283913612 0.9994540810585022 0.01796882227063179 0.024636106565594673 0.08779942989349365 -0.015471409074962139 0.9960179924964905 2.0884528160095215
0.995715856552124 0.029273536056280136 -0.08770943433046341 0.45525842905044556 -0.027829863131046295 0.999457061290741 0.01763785444200039 0.025878332555294037 0.0881781354546547 -0.015121350064873695 0.9959899187088013 2.1172986030578613
0.9956308007240295 0.0297324787825346 -0.08851741254329681 0.45672231912612915 -0.028257528319954872 0.9994409084320068 0.017869826406240463 0.026917317882180214 0.08899924159049988 -0.015290465205907822 0.9959143400192261 2.1513850688934326
0.9955650568008423 0.029881972819566727 -0.08920343220233917 0.4585926830768585 -0.028399843722581863 0.9994374513626099 0.017838668078184128 0.02760293148458004 0.0896863043308258 -0.015226191841065884 0.9958536624908447 2.1845240592956543
0.9954339861869812 0.03092203289270401 -0.09030486643314362 0.4585142731666565 -0.029360413551330566 0.9993963837623596 0.018570594489574432 0.030204374343156815 0.09082458913326263 -0.015834413468837738 0.9957410097122192 2.2149441242218018
0.9953832626342773 0.030951781198382378 -0.09085249900817871 0.46060389280319214 -0.02940094657242298 0.9993990659713745 0.01835910603404045 0.030471734702587128 0.09136615693569183 -0.015603196807205677 0.9956951141357422 2.248058557510376
0.9952877759933472 0.031552135944366455 -0.09168821573257446 0.4614337980747223 -0.029960837215185165 0.9993764758110046 0.018680769950151443 0.03211263567209244 0.09222047030925751 -0.015845686197280884 0.9956125020980835 2.278399705886841
0.9952473640441895 0.031583257019519806 -0.0921151414513588 0.4638453722000122 -0.03001570701599121 0.999380886554718 0.018353678286075592 0.03306473419070244 0.09263778477907181 -0.01550154760479927 0.995579183101654 2.3126168251037598
0.995155930519104 0.0321626216173172 -0.09289933741092682 0.46475374698638916 -0.03057044930756092 0.9993611574172974 0.018511556088924408 0.03469717875123024 0.0934353768825531 -0.015581909567117691 0.9955034255981445 2.3421757221221924
0.9950772523880005 0.03263256698846817 -0.09357523918151855 0.4659861624240875 -0.031018899753689766 0.9993448257446289 0.018647925928235054 0.03633053973317146 0.09412245452404022 -0.015653526410460472 0.9954375624656677 2.3745858669281006
0.994928777217865 0.03371748700737953 -0.09476194530725479 0.4653433561325073 -0.03205827251076698 0.999305784702301 0.018977899104356766 0.0384579561650753 0.09533605724573135 -0.015843752771615982 0.9953190684318542 2.405850410461426
0.9948767423629761 0.03385508805513382 -0.09525835514068604 0.4667133688926697 -0.03218071162700653 0.9993003010749817 0.019059307873249054 0.03973577171564102 0.09583696722984314 -0.015896178781986237 0.9952701330184937 2.439167022705078
0.9947854280471802 0.034415993839502335 -0.09600790590047836 0.4674765169620514 -0.03272197023034096 0.9992807507514954 0.019164051860570908 0.04122801870107651 0.09659840911626816 -0.01592255011200905 0.9951960444450378 2.4711971282958984
0.9946995377540588 0.034841328859329224 -0.0967416912317276 0.4682741165161133 -0.03314431756734848 0.9992681741714478 0.01909412071108818 0.04255250096321106 0.09733615815639496 -0.01578647643327713 0.9951263666152954 2.5013322830200195
0.9946484565734863 0.03505416959524155 -0.09718868881464005 0.4702335596084595 -0.03333622217178345 0.9992588758468628 0.019244732335209846 0.04387197643518448 0.09779127687215805 -0.01590183936059475 0.9950798749923706 2.5328211784362793
0.9945167303085327 0.035687804222106934 -0.09829973429441452 0.47129568457603455 -0.03394234925508499 0.9992360472679138 0.019372450187802315 0.04440490901470184 0.09891600161790848 -0.015929700806736946 0.9949682950973511 2.569124221801758
0.9944225549697876 0.03580242767930031 -0.09920670837163925 0.47346681356430054 -0.034009259194135666 0.9992271661758423 0.019708171486854553 0.04564223438501358 0.09983564168214798 -0.016224302351474762 0.9948716759681702 2.6102242469787598
