0.9999945759773254 0.0029743085615336895 -0.0014152509393170476 0.022912191227078438 -0.002973520662635565 0.9999954104423523 0.0005586465122178197 -0.00143225968349725 0.001416906132362783 -0.0005544351879507303 0.9999988675117493 -0.025396620854735374
0.9999890327453613 0.004253907594829798 -0.0019513850565999746 0.011377313174307346 -0.004251564387232065 0.9999902248382568 0.0012035735417157412 -0.0010661121923476458 0.0019564859103411436 -0.0011952638160437346 0.9999973773956299 2.8745707822963595e-06
0.9999957084655762 0.0029271335806697607 0.0002602054737508297 0.006152458023279905 -0.002927834866568446 0.9999919533729553 0.0027361952234059572 0.0012920566368848085 -0.00025219417875632644 -0.00273694540373981 0.9999962449073792 0.014371342957019806
0.9999967813491821 0.0023982757702469826 0.0008149632485583425 -0.003181096166372299 -0.002400788012892008 0.999992311000824 0.003096044296398759 0.004554515704512596 -0.0008075318764895201 -0.0030979907605797052 0.9999948740005493 0.03326854482293129
0.9999949932098389 0.0027576149441301823 0.0015476865228265524 -0.013292483054101467 -0.0027631674893200397 0.9999896883964539 0.0035971198230981827 0.006402155850082636 -0.0015377511736005545 -0.003601378295570612 0.999992311000824 0.05595635250210762
0.9999915361404419 0.003008033148944378 0.0028113035950809717 -0.024144010618329048 -0.003018766175955534 0.9999881386756897 0.003821470309048891 0.010332728736102581 -0.002799775218591094 -0.003829924389719963 0.9999887347221375 0.08081948012113571
0.9999895095825195 0.001149435294792056 0.004433389287441969 -0.032802026718854904 -0.0011709872633218765 0.9999874830245972 0.004861754830926657 0.013972466811537743 -0.004427745472639799 -0.004866895731538534 0.9999783635139465 0.10387864708900452
0.9999822974205017 0.0017571387579664588 0.005683832336217165 -0.044071491807699203 -0.0017855429323390126 0.999985933303833 0.004996136296540499 0.016062963753938675 -0.0056749735958874226 -0.005006196442991495 0.9999713897705078 0.13082855939865112
0.9999759197235107 0.001718385610729456 0.006725321989506483 -0.05388287827372551 -0.0017564145382493734 0.999982476234436 0.005652777850627899 0.018357401713728905 -0.006715490948408842 -0.005664453841745853 0.9999614357948303 0.1546267867088318
0.9999687075614929 0.0010686875320971012 0.007835052907466888 -0.06378427147865295 -0.0011151181533932686 0.9999818205833435 0.005924026481807232 0.020868025720119476 -0.00782858021557331 -0.005932577885687351 0.9999517798423767 0.17783422768115997
0.9999580383300781 0.0005333652370609343 0.009144053794443607 -0.07490330934524536 -0.0005921669653616846 0.9999791383743286 0.006429093424230814 0.022425079718232155 -0.009140434674918652 -0.0064342389814555645 0.9999375343322754 0.20295263826847076
0.9999380111694336 5.353752203518525e-05 0.01113453321158886 -0.08796335756778717 -0.0001480680948588997 0.9999639391899109 0.008489204570651054 0.025368278846144676 -0.011133678257465363 -0.00849032774567604 0.9999019503593445 0.2337501347064972
0.999920666217804 0.00010292912338627502 0.012594125233590603 -0.0931096151471138 -0.00020836759358644485 0.9999649524688721 0.008371011354029179 0.027859464287757874 -0.012592821381986141 -0.00837297085672617 0.9998856782913208 0.251677006483078
0.9999155402183533 -0.000834633712656796 0.012971911579370499 -0.09983614832162857 0.0007239732658490539 0.9999633431434631 0.008533134125173092 0.029942553490400314 -0.012978557497262955 -0.008523021824657917 0.9998794794082642 0.269463449716568
0.9999098181724548 -0.0003538277233019471 0.013423859141767025 -0.11124110221862793 0.00023057666840031743 0.999957799911499 0.009181929752230644 0.03267958015203476 -0.013426541350781918 -0.009178007021546364 0.9998677372932434 0.29339680075645447
0.9998931288719177 -0.00033462420105934143 0.014614901505410671 -0.12116656452417374 0.00018816727970261127 0.9999497532844543 0.010021292604506016 0.03498481214046478 -0.01461752038449049 -0.010017472319304943 0.9998430013656616 0.3187214136123657
0.9998541474342346 -0.0016938799526542425 0.016995806246995926 -0.13183900713920593 0.0014987820759415627 0.9999329447746277 0.011485356837511063 0.03675468638539314 -0.017014119774103165 -0.011458208784461021 0.9997895956039429 0.34658700227737427
0.999841570854187 -0.0012157998280599713 0.017758550122380257 -0.14489677548408508 0.001018067472614348 0.9999374151229858 0.011139285750687122 0.03767786920070648 -0.017770981416106224 -0.011119441129267216 0.9997802376747131 0.3765946626663208
0.9998099207878113 -0.0021333100739866495 0.01938003860414028 -0.15209569036960602 0.001891225459985435 0.9999200701713562 0.012501190416514874 0.039668623358011246 -0.01940515823662281 -0.012462162412703037 0.9997340440750122 0.39783063530921936
0.9998034238815308 -0.002447195816785097 0.01967485062777996 -0.16398200392723083 0.0021946164779365063 0.9999150633811951 0.012849035672843456 0.04067237675189972 -0.019704623147845268 -0.012803331948816776 0.9997238516807556 0.4234869182109833
0.9997370839118958 -0.003607434220612049 0.022644296288490295 -0.17611926794052124 0.0032700998708605766 0.9998834133148193 0.014916496351361275 0.043468981981277466 -0.022695466876029968 -0.014838526025414467 0.9996322989463806 0.45656850934028625
0.9997473359107971 -0.003135752398520708 0.022259097546339035 -0.18213483691215515 0.0028195693157613277 0.999894917011261 0.014221876859664917 0.044238973408937454 -0.02230135351419449 -0.014155521988868713 0.9996510744094849 0.47296684980392456
0.9997056722640991 -0.004014584235846996 0.02392667904496193 -0.1954646110534668 0.00364352366887033 0.9998727440834045 0.015531709417700768 0.0439092293381691 -0.023985985666513443 -0.015439961105585098 0.9995930790901184 0.5029134750366211
0.9996719360351562 -0.004226501565426588 0.02526283636689186 -0.20536164939403534 0.003812296548858285 0.9998579025268555 0.016421563923358917 0.04586406052112579 -0.025328651070594788 -0.016319867223501205 0.9995459318161011 0.5287160277366638
0.9996350407600403 -0.004778517875820398 0.026589028537273407 -0.21243365108966827 0.004343313630670309 0.9998560547828674 0.016401564702391624 0.048415083438158035 -0.02666357532143593 -0.016280094161629677 0.9995118975639343 0.5524308681488037
0.9995559453964233 -0.005978678818792105 0.029192445799708366 -0.2259039729833603 0.00540357967838645 0.9997905492782593 0.01973957195878029 0.04876627400517464 -0.029304349794983864 -0.019573062658309937 0.9993788599967957 0.5911370515823364
0.9995629787445068 -0.006000603083521128 0.028945786878466606 -0.2320394665002823 0.005455655511468649 0.9998070597648621 0.018868861719965935 0.04956362769007683 -0.029053429141640663 -0.01870269887149334 0.9994028806686401 0.6056169867515564
0.9995241761207581 -0.0067941611632704735 0.030087610706686974 -0.24445657432079315 0.006190147250890732 0.9997783303260803 0.020123014226555824 0.05043639615178108 -0.03021766059100628 -0.019927190616726875 0.9993447065353394 0.6372798085212708
0.9994786977767944 -0.006695018615573645 0.03158418461680412 -0.24999484419822693 0.006040920037776232 0.9997662305831909 0.020759854465723038 0.05292107164859772 -0.031715791672468185 -0.020558234304189682 0.9992854595184326 0.6592931151390076
0.9994608759880066 -0.007322643883526325 0.032006166875362396 -0.2615453898906708 0.00665048323571682 0.9997561573982239 0.02105720154941082 0.05137983709573746 -0.032152555882930756 -0.02083299122750759 0.9992658495903015 0.6891748309135437
0.9993801116943359 -0.008639832027256489 0.03412861004471779 -0.27105969190597534 0.007867646403610706 0.9997114539146423 0.022695589810609818 0.05277245119214058 -0.034314852207899094 -0.02241300791501999 0.9991596937179565 0.7239129543304443
0.9993748068809509 -0.008473825640976429 0.03432502970099449 -0.2793337404727936 0.007683276664465666 0.9997037053108215 0.023098058998584747 0.051731303334236145 -0.03451058641076088 -0.022819887846708298 0.9991437792778015 0.7490635514259338
0.9993101954460144 -0.009326632134616375 0.03594600036740303 -0.2843164801597595 0.008448130451142788 0.999663770198822 0.024514371529221535 0.05280429869890213 -0.03616255149245262 -0.024193784222006798 0.9990530014038086 0.7734705209732056
0.999281644821167 -0.009798912331461906 0.036608606576919556 -0.2949702739715576 0.008862350136041641 0.9996314644813538 0.025658393278717995 0.05049543082714081 -0.03684654086828232 -0.02531552128493786 0.9990002512931824 0.8066321611404419
0.9991998672485352 -0.010405514389276505 0.03861807659268379 -0.299398809671402 0.009378673508763313 0.9996001124382019 0.026676226407289505 0.051378604024648666 -0.03888021782040596 -0.026292696595191956 0.998897910118103 0.8356090784072876
0.9991668462753296 -0.012157118879258633 0.0389595627784729 -0.3094223141670227 0.011040166951715946 0.9995254278182983 0.02875753492116928 0.05021502822637558 -0.03929068148136139 -0.02830345556139946 0.9988268613815308 0.8726070523262024
0.9991174936294556 -0.011632808484137058 0.04035964608192444 -0.3138848841190338 0.010459131561219692 0.9995197057723999 0.029170706868171692 0.04815860837697983 -0.04067959636449814 -0.028722837567329407 0.9987593293190002 0.8990962505340576
0.9991269707679749 -0.013624122366309166 0.03949321433901787 -0.3239968419075012 0.012444248422980309 0.9994733929634094 0.029968785122036934 0.045992542058229446 -0.03988071158528328 -0.02945115603506565 0.9987702965736389 0.9327864646911621
0.9990695714950562 -0.011580195277929306 0.041544318199157715 -0.32496610283851624 0.010294275358319283 0.99946528673172 0.031034482643008232 0.04508180543780327 -0.041881486773490906 -0.03057793714106083 0.9986545443534851 0.9548439383506775
0.9989814758300781 -0.015813080593943596 0.04226056486368179 -0.3348175585269928 0.014440353959798813 0.9993643760681152 0.032592639327049255 0.0428316555917263 -0.04274909198284149 -0.03194918483495712 0.9985748529434204 0.9952581524848938
0.9989707469940186 -0.014786705374717712 0.042880699038505554 -0.3373074531555176 0.013353515416383743 0.9993488788604736 0.0335187092423439 0.0403175987303257 -0.04334840923547745 -0.03291160613298416 0.9985177516937256 1.020609736442566
0.9988802671432495 -0.016725461930036545 0.04425430670380592 -0.3461902141571045 0.015156649053096771 0.9992529153823853 0.03555109351873398 0.03835694491863251 -0.04481585696339607 -0.03484053909778595 0.9983875155448914 1.0606802701950073
0.998904287815094 -0.016027046367526054 0.04396965727210045 -0.3473576009273529 0.014433344826102257 0.9992357492446899 0.0363265685737133 0.03947266563773155 -0.044518258422613144 -0.03565213456749916 0.9983721971511841 1.0754789113998413
0.9987803101539612 -0.018547186627984047 0.04575846344232559 -0.35630321502685547 0.016777044162154198 0.999107301235199 0.03876984119415283 0.03707402944564819 -0.04643668979406357 -0.037954866886138916 0.9981999397277832 1.1250603199005127
0.9987856149673462 -0.018589019775390625 0.04562653601169586 -0.3608337640762329 0.016821816563606262 0.9991047978401184 0.0388149619102478 0.03537152707576752 -0.04630722105503082 -0.03800030052661896 0.9982041716575623 1.1454813480377197
0.9987420439720154 -0.019453156739473343 0.046216048300266266 -0.3657338321208954 0.017597749829292297 0.9990358948707581 0.040219537913799286 0.03458472341299057 -0.04695388674736023 -0.03935564309358597 0.998121440410614 1.1745855808258057
0.9986571073532104 -0.020625624805688858 0.04752423241734505 -0.37133651971817017 0.01860421895980835 0.9989193677902222 0.042590875178575516 0.03186163306236267 -0.048351336270570755 -0.041649531573057175 0.9979616403579712 1.2129069566726685
0.9985817074775696 -0.021904798224568367 0.04852607101202011 -0.37546810507774353 0.01979784108698368 0.9988580346107483 0.043482255190610886 0.031559962779283524 -0.04942312836647034 -0.042459871619939804 0.9978749752044678 1.2368650436401367
0.9985853433609009 -0.0218479223549366 0.04847618564963341 -0.3801671266555786 0.019705351442098618 0.9988263845443726 0.04424455389380455 0.03084958717226982 -0.04938594624400139 -0.04322672262787819 0.9978439211845398 1.2637605667114258
0.9985580444335938 -0.022602174431085587 0.048692911863327026 -0.38447657227516174 0.020437926054000854 0.99880051612854 0.0444953516125679 0.02938649244606495 -0.049640193581581116 -0.04343600571155548 0.9978222250938416 1.2843656539916992
0.9984833598136902 -0.024016082286834717 0.049539875239133835 -0.38947874307632446 0.02168881520628929 0.9986597895622253 0.04699193313717842 0.0288301520049572 -0.05060204491019249 -0.045846205204725266 0.99766606092453 1.319830060005188
0.9984210133552551 -0.02498648501932621 0.050310444086790085 -0.3945104479789734 0.02258421666920185 0.9986032843589783 0.04776403680443764 0.028082558885216713 -0.051433634012937546 -0.0465523935854435 0.9975908398628235 1.3466434478759766
0.9983792304992676 -0.02557830885052681 0.05083981528878212 -0.39867928624153137 0.02306859940290451 0.9985149502754211 0.04935334622859955 0.028209581971168518 -0.052026692777872086 -0.0481005534529686 0.9974866509437561 1.3765944242477417
0.9982635378837585 -0.027230795472860336 0.052234165370464325 -0.4049220681190491 0.024600800126791 0.9984286427497864 0.05034879222512245 0.02587943896651268 -0.053523123264312744 -0.0489763580262661 0.9973648190498352 1.4121452569961548
0.9982213377952576 -0.027958577498793602 0.05265400931239128 -0.41178837418556213 0.025212669745087624 0.9983229637145996 0.05211120471358299 0.025304511189460754 -0.0540226586163044 -0.050690967589616776 0.9972522258758545 1.447805643081665
0.9981479048728943 -0.028760535642504692 0.053605664521455765 -0.4170548915863037 0.025847671553492546 0.9981921315193176 0.054261788725852966 0.025564001873135567 -0.05506935343146324 -0.05277571082115173 0.9970868229866028 1.4829319715499878
0.9980685710906982 -0.030239451676607132 0.05426459014415741 -0.42104560136795044 0.027260687202215195 0.9981241226196289 0.05481825768947601 0.024681508541107178 -0.05582047253847122 -0.05323309451341629 0.9970207214355469 1.5055515766143799
0.9980160593986511 -0.03084130398929119 0.05488899350166321 -0.4271901547908783 0.027783600613474846 0.9980651140213013 0.05562412738800049 0.022490832954645157 -0.05649831146001816 -0.053988754749298096 0.9969419240951538 1.5376851558685303
0.9979755878448486 -0.0314396470785141 0.05528378486633301 -0.43127861618995667 0.028264101594686508 0.9979560971260071 0.057313404977321625 0.023100808262825012 -0.05697270482778549 -0.05563483387231827 0.9968243837356567 1.563439965248108
0.997858464717865 -0.032783735543489456 0.05660156160593033 -0.4366709887981415 0.029431244358420372 0.9978193044662476 0.059080131351947784 0.02146926335990429 -0.058414995670318604 -0.057287752628326416 0.996647298336029 1.5976074934005737
0.9977773427963257 -0.034099943935871124 0.057249851524829865 -0.4425327479839325 0.030629729852080345 0.9977020621299744 0.06043567880988121 0.020348282530903816 -0.0591791495680809 -0.05854780599474907 0.9965289831161499 1.632644772529602
0.9977611303329468 -0.0346745066344738 0.05718779191374779 -0.44871070981025696 0.03114834986627102 0.9976246953010559 0.06143850088119507 0.02028144896030426 -0.0591823048889637 -0.05951964110136032 0.9964712262153625 1.658889889717102
0.9976843595504761 -0.03555437549948692 0.05798089876770973 -0.45316991209983826 0.03190041705965996 0.9975179433822632 0.0627720057964325 0.01894015073776245 -0.060068804770708084 -0.060777030885219574 0.9963422417640686 1.6867215633392334
0.9975227117538452 -0.037565067410469055 0.059474878013134 -0.4577890932559967 0.033672161400318146 0.9973068237304688 0.06515605002641678 0.018300935626029968 -0.06176229566335678 -0.06299199908971786 0.9961011409759521 1.7206580638885498
0.9974629878997803 -0.03862657770514488 0.05979584902524948 -0.4643292725086212 0.03461955860257149 0.9971752762794495 0.06665575504302979 0.017157025635242462 -0.06220162659883499 -0.0644165426492691 0.9959826469421387 1.7507236003875732
0.9973982572555542 -0.03900342807173729 0.060625191777944565 -0.46818432211875916 0.034878868609666824 0.9970983266830444 0.06766381114721298 0.015822291374206543 -0.06308839470148087 -0.06537323445081711 0.9958645701408386 1.7766015529632568
0.9972133040428162 -0.04163867235183716 0.06190211698412895 -0.47189128398895264 0.03735935688018799 0.996934175491333 0.06874994188547134 0.013676397502422333 -0.06457499414682388 -0.06624572724103928 0.9957115650177002 1.8055075407028198
0.99721759557724 -0.04166867211461067 0.06181273236870766 -0.47872745990753174 0.03725822642445564 0.9967898726463318 0.07086481899023056 0.012064427137374878 -0.06456714868545532 -0.06836461275815964 0.9955688714981079 1.8334722518920898
0.9970983266830444 -0.043070804327726364 0.06276824325323105 -0.48253321647644043 0.03850698843598366 0.9966474175453186 0.07218858599662781 0.010423019528388977 -0.06566702574491501 -0.06956210732460022 0.9954139590263367 1.8605836629867554
0.9969913363456726 -0.04435964673757553 0.06356502324342728 -0.4882718026638031 0.039583511650562286 0.996433436870575 0.07452242821455002 0.008484773337841034 -0.0666440948843956 -0.07178208976984024 0.9951913952827454 1.8919093608856201
0.9969490766525269 -0.04499798268079758 0.06377866864204407 -0.49496933817863464 0.04014673829078674 0.9963444471359253 0.075405053794384 0.003802672028541565 -0.06693859398365021 -0.07261449843645096 0.9951112270355225 1.9225614070892334
0.9967828392982483 -0.04707206040620804 0.0648704543709755 -0.4990224838256836 0.04195209592580795 0.9960587620735168 0.07814669609069824 0.0033034905791282654 -0.06829331070184708 -0.07517383992671967 0.9948291182518005 1.9513553380966187
0.9966955184936523 -0.04818610101938248 0.06539206951856613 -0.5032832622528076 0.042901717126369476 0.9958760142326355 0.0799398273229599 0.0020735636353492737 -0.06897438317537308 -0.07687023282051086 0.9946524500846863 1.976977825164795
0.9965497255325317 -0.049993112683296204 0.06625192612409592 -0.5072985291481018 0.04451054334640503 0.9956549406051636 0.08179269731044769 0.0009028241038322449 -0.07005312293767929 -0.07856158912181854 0.9944449067115784 2.003817319869995
