0.9998328685760498 -0.00026972321211360395 -0.01828071102499962 0.011751961894333363 4.3821164581459016e-05 0.9999236464500427 -0.01235667522996664 0.00028017660952173173 0.01828264817595482 0.012353808619081974 0.9997565150260925 0.002499772235751152
0.9998824596405029 -0.0009890289511531591 -0.015299328602850437 0.007590905297547579 0.0010069010313600302 0.9999988079071045 0.001160495332442224 -0.0015437788097187877 0.015298162586987019 -0.0011757639003917575 0.9998822808265686 0.004761326592415571
0.9999362230300903 -0.0018197271274402738 -0.011144369840621948 0.0030564735643565655 0.0019914573058485985 0.9998791813850403 0.015417935326695442 -0.003418405307456851 0.011114966124296188 -0.015439145267009735 0.9998190402984619 0.006530166603624821
0.9999727606773376 -0.0030995726119726896 -0.006696386728435755 -0.001864967867732048 0.003297247691079974 0.9995530247688293 0.02971317246556282 -0.00528431823477149 0.006601295899599791 -0.029734443873167038 0.9995360374450684 0.007401759270578623
0.9999865293502808 -0.004982384853065014 -0.001446279464289546 -0.007023141253739595 0.005041462369263172 0.999009370803833 0.0442139133810997 -0.007334309630095959 0.0012245560064911842 -0.044220611453056335 0.999021053314209 0.008474587462842464
0.9999649524688721 -0.007027713116258383 0.004553365055471659 -0.01236905250698328 0.006747580599039793 0.9982432723045349 0.05886262282729149 -0.009055309928953648 -0.0049590361304581165 -0.05882983282208443 0.998255729675293 0.008940426632761955
0.9998943209648132 -0.009490147233009338 0.011013292707502842 -0.017860211431980133 0.008657895028591156 0.9972723126411438 0.0733005478978157 -0.010965392924845219 -0.011678884737193584 -0.07319744676351547 0.9972490668296814 0.008975940756499767
0.9997662901878357 -0.012360326014459133 0.017738226801156998 -0.023652348667383194 0.010759576223790646 0.9960922002792358 0.0876617357134819 -0.012609964236617088 -0.018752437084913254 -0.08745039254426956 0.9959923624992371 0.008511576801538467
0.9995617866516113 -0.015620771795511246 0.02514365315437317 -0.029458792880177498 0.012985216453671455 0.994723379611969 0.10176802426576614 -0.013998872600495815 -0.0266006737947464 -0.10139694064855576 0.9944903254508972 0.008016272448003292
0.9992976784706116 -0.019116681069135666 0.032228536903858185 -0.03572569787502289 0.015282578766345978 0.9932160377502441 0.11527510732412338 -0.015282436273992062 -0.034213580191135406 -0.11470160633325577 0.9928106665611267 0.006502816453576088
0.9989386796951294 -0.022991040721535683 0.03991205617785454 -0.04168994724750519 0.01770837791264057 0.9916161894798279 0.12799902260303497 -0.016519607976078987 -0.042520273476839066 -0.12715639173984528 0.9909708499908447 0.005341706331819296
0.9984902739524841 -0.027476521208882332 0.04756320267915726 -0.047774508595466614 0.02057514898478985 0.989945650100708 0.13994380831718445 -0.017390986904501915 -0.05093015730381012 -0.13875392079353333 0.9890164136886597 0.0033284903038293123
0.9979939460754395 -0.03123984858393669 0.055064618587493896 -0.053893618285655975 0.022587113082408905 0.9882321953773499 0.15128445625305176 -0.017882222309708595 -0.05914273113012314 -0.14973720908164978 0.9869553446769714 0.0010290415957570076
0.997407853603363 -0.03550831973552704 0.06258408725261688 -0.06000015139579773 0.024999257177114487 0.9865819215774536 0.16134153306484222 -0.018220527097582817 -0.06747329235076904 -0.15935875475406647 0.9849122762680054 -0.0016737892292439938
0.9967724084854126 -0.03963224217295647 0.06981463730335236 -0.06610580533742905 0.02723797596991062 0.985018253326416 0.17028549313545227 -0.01826978661119938 -0.07551749050617218 -0.16783428192138672 0.9829185009002686 -0.0045036799274384975
0.9961186647415161 -0.04367402195930481 0.07642143964767456 -0.0723768100142479 0.029469499364495277 0.9835909008979797 0.17799001932144165 -0.0179437268525362 -0.0829409807920456 -0.17504706978797913 0.9810603260993958 -0.008172724395990372
0.9954054355621338 -0.04761797562241554 0.08306962251663208 -0.07820620387792587 0.03161555901169777 0.9823654294013977 0.18427859246730804 -0.017179712653160095 -0.09037970006465912 -0.18080560863018036 0.9793573617935181 -0.011662110686302185
0.9947326183319092 -0.050929442048072815 0.08895609527826309 -0.0838903859257698 0.03333153575658798 0.9813838005065918 0.1891423463821411 -0.016353392973542213 -0.09693298488855362 -0.18518102169036865 0.9779120683670044 -0.015444409102201462
0.994103193283081 -0.05406735837459564 0.09399757534265518 -0.08976811915636063 0.03506790101528168 0.9805450439453125 0.19313649833202362 -0.014616175554692745 -0.1026112362742424 -0.1887013167142868 0.9766589403152466 -0.020098306238651276
0.9935242533683777 -0.05651238560676575 0.09856940805912018 -0.09524644166231155 0.036358192563056946 0.9800463318824768 0.1954156756401062 -0.013005726970732212 -0.10764598846435547 -0.19056639075279236 0.9757544994354248 -0.02439161017537117
0.9930323362350464 -0.05864288657903671 0.10221442580223083 -0.10019862651824951 0.037675581872463226 0.9798519611358643 0.1961393654346466 -0.01146179810166359 -0.11165718734264374 -0.19092175364494324 0.9752340912818909 -0.028751278296113014
0.9926926493644714 -0.059442661702632904 0.10501353442668915 -0.1051800400018692 0.037918925285339355 0.9798334836959839 0.1961849480867386 -0.009089989587664604 -0.11455753445625305 -0.19076935946941376 0.9749274849891663 -0.03368706256151199
0.9924891591072083 -0.06022075191140175 0.10648321360349655 -0.10987749695777893 0.038589607924222946 0.9801193475723267 0.19461990892887115 -0.007206438109278679 -0.11608641594648361 -0.18904902040958405 0.975081741809845 -0.03862128034234047
0.9924507737159729 -0.06008194014430046 0.10691874474287033 -0.11402124911546707 0.03869073465466499 0.9806464314460754 0.1919260174036026 -0.004993525333702564 -0.11638077348470688 -0.1863403469324112 0.9755679368972778 -0.04371357336640358
0.9926133155822754 -0.059122975915670395 0.10593977570533752 -0.11800450086593628 0.03839204087853432 0.9814196228981018 0.18799355626106262 -0.0028366020414978266 -0.11508610844612122 -0.18253767490386963 0.9764400720596313 -0.048697296530008316
0.9929498434066772 -0.05725184828042984 0.10379254072904587 -0.12126603722572327 0.037550270557403564 0.982453465461731 0.18268883228302002 -0.00035935593768954277 -0.11243060976266861 -0.17750340700149536 0.9776768088340759 -0.05353288725018501
0.9934701919555664 -0.05462305620312691 0.10016653686761856 -0.1241159662604332 0.03633147105574608 0.9837028384208679 0.1760929822921753 0.0019814283587038517 -0.1081528440117836 -0.17130392789840698 0.979263961315155 -0.05834466964006424
0.9941734075546265 -0.05122590810060501 0.09484285116195679 -0.12654130160808563 0.03471106290817261 0.9851359724998474 0.16823266446590424 0.00430698599666357 -0.10205097496509552 -0.16396035254001617 0.981174111366272 -0.06319750100374222
0.995000422000885 -0.046801887452602386 0.08822581171989441 -0.12808600068092346 0.032288096845149994 0.9867046475410461 0.1592840701341629 0.0068232398480176926 -0.0945076197385788 -0.15563906729221344 0.9832826852798462 -0.06797102093696594
0.995928168296814 -0.0421207919716835 0.0797048881649971 -0.12937282025814056 0.029861778020858765 0.9883592128753662 0.1491788923740387 0.009026110172271729 -0.08506058901548386 -0.1461913287639618 0.9855926036834717 -0.0722985714673996
0.9968824982643127 -0.0365094430744648 0.06994563341140747 -0.12970465421676636 0.02652512677013874 0.9899797439575195 0.13869594037532806 0.011294567957520485 -0.07430846989154816 -0.1364082247018814 0.9878618717193604 -0.07635464519262314
0.9978206753730774 -0.03088989667594433 0.05830688029527664 -0.12967391312122345 0.02326126955449581 0.9915974140167236 0.1272536814212799 0.013062574900686741 -0.061747804284095764 -0.1256200671195984 0.9901549220085144 -0.08014336973428726
0.9986934065818787 -0.02452101558446884 0.04483531787991524 -0.12902919948101044 0.019192233681678772 0.9931056499481201 0.11564099788665771 0.014939211308956146 -0.047361839562654495 -0.11462941765785217 0.9922786951065063 -0.0846700593829155
0.9993805289268494 -0.017793530598282814 0.03036440722644329 -0.1272672414779663 0.01454749796539545 0.9944748878479004 0.10396167635917664 0.016572734341025352 -0.03204648569226265 -0.1034555435180664 0.9941176772117615 -0.08765773475170135
0.9998371005058289 -0.011070332489907742 0.014256845228374004 -0.124745212495327 0.009711303748190403 0.9957025051116943 0.09209863841533661 0.01788424327969551 -0.015215138904750347 -0.09194518625736237 0.9956478476524353 -0.09083772450685501
0.9999834299087524 -0.004521539900451899 -0.0035655919928103685 -0.12161195278167725 0.0047927298583090305 0.9967731237411499 0.0801272764801979 0.018525563180446625 0.0031917875166982412 -0.080143041908741 0.9967782497406006 -0.09313859045505524
0.9997392296791077 0.0026138732209801674 -0.022685110569000244 -0.11731071025133133 -0.001040658331476152 0.9976100921630859 0.06908669322729111 0.019381294026970863 0.02281147986650467 -0.06904507428407669 0.9973527193069458 -0.0954582691192627
0.9990357756614685 0.009385856799781322 -0.04288899153470993 -0.11242139339447021 -0.006875884719192982 0.9982754588127136 0.05829969421029091 0.019625920802354813 0.043362222611904144 -0.057948578149080276 0.9973773956298828 -0.09717022627592087
0.9978452324867249 0.01586870290338993 -0.06366345286369324 -0.10701870173215866 -0.012827443890273571 0.9987698197364807 0.04789840430021286 0.019704964011907578 0.06434522569179535 -0.046978555619716644 0.9968212842941284 -0.09852690994739532
0.9961835145950317 0.021925169974565506 -0.08448486775159836 -0.10124440491199493 -0.018750302493572235 0.999094545841217 0.03819116950035095 0.01967918500304222 0.08524572104215622 -0.03646129369735718 0.9956926107406616 -0.09986934065818787
0.9941164255142212 0.027455603703856468 -0.10477948933839798 -0.09540600329637527 -0.024543816223740578 0.9992786645889282 0.028978846967220306 0.019487762823700905 0.10549954324960709 -0.026236657053232193 0.9940731525421143 -0.10113343596458435
0.9917633533477783 0.03225482255220413 -0.1239558607339859 -0.08979503065347672 -0.029973875731229782 0.9993460774421692 0.02022283896803856 0.019285617396235466 0.12452708184719086 -0.01634083315730095 0.9920816421508789 -0.10250267386436462
0.9892937541007996 0.036192480474710464 -0.14137880504131317 -0.08461090177297592 -0.034813325852155685 0.9993191361427307 0.012217080220580101 0.018950313329696655 0.14172472059726715 -0.007164414972066879 0.9898802042007446 -0.10376116633415222
0.986869215965271 0.03951230272650719 -0.1566138118505478 -0.07989819347858429 -0.03922279551625252 0.9992182850837708 0.004939828999340534 0.01893618516623974 0.15668655931949615 0.001267865882255137 0.9876475930213928 -0.1057085394859314
0.9847097992897034 0.04191569238901138 -0.16908499598503113 -0.07612177729606628 -0.04277285188436508 0.9990838170051575 -0.0014285931829363108 0.019283242523670197 0.168870210647583 0.008638997562229633 0.9856004118919373 -0.10799907892942429
0.9829431176185608 0.04324929416179657 -0.17875221371650696 -0.07358858734369278 -0.04527726769447327 0.9989479184150696 -0.007279262878000736 0.01986500434577465 0.178249329328537 0.015248513780534267 0.9838671684265137 -0.11050359904766083
0.9817759990692139 0.0437077060341835 -0.18494723737239838 -0.07237226516008377 -0.04690713435411453 0.9988152384757996 -0.012957082130014896 0.020243611186742783 0.18416179716587067 0.021396297961473465 0.9826630353927612 -0.11407716572284698
0.9811767935752869 0.043930720537900925 -0.18804830312728882 -0.07195384055376053 -0.047925952821969986 0.9987104535102844 -0.016749748960137367 0.021419471129775047 0.18706998229026794 0.025446860119700432 0.982016921043396 -0.11759454756975174
0.9809395670890808 0.04240194708108902 -0.18963013589382172 -0.07329945266246796 -0.0472424179315567 0.9986610412597656 -0.021076731383800507 0.021856820210814476 0.18848253786563873 0.02963358536362648 0.9816293716430664 -0.12102401256561279
