0.9999988079071045 -9.770597534952685e-05 -0.0015539975138381124 0.0023681113962084055 0.0001164681525551714 0.9999270439147949 0.012077989988029003 -0.011893991380929947 0.0015527041396126151 -0.012078155763447285 0.9999258518218994 -0.016183335334062576
0.9999686479568481 0.0020149145275354385 -0.007654697168618441 -0.0023262782488018274 -0.0019513610750436783 0.999963641166687 0.0083009609952569 -0.00854466762393713 0.00767114432528615 -0.008285763673484325 0.9999362230300903 -0.013812174089252949
0.9998866319656372 0.00290747731924057 -0.014774734154343605 -0.006350310519337654 -0.0028195949271321297 0.999978244304657 0.0059655094519257545 -0.0050296117551624775 0.014791756868362427 -0.005923174321651459 0.9998730421066284 -0.012337464839220047
0.9998349547386169 0.004653558135032654 -0.01756242848932743 -0.009785594418644905 -0.004566602408885956 0.9999771118164062 0.004988108761608601 -0.0013532062293961644 0.017585238441824913 -0.004907084628939629 0.999833345413208 -0.011474438942968845
0.999808669090271 0.006255981512367725 -0.018534772098064423 -0.012329391203820705 -0.006156656891107559 0.9999663829803467 0.005411053076386452 0.0026253468822687864 0.018568001687526703 -0.005295905284583569 0.9998135566711426 -0.011461962945759296
0.9998068809509277 0.005019386298954487 -0.019000587984919548 -0.014458504505455494 -0.004934021271765232 0.9999775290489197 0.004536970052868128 0.006653598975390196 0.019022932276129723 -0.004442344885319471 0.999809205532074 -0.013714561238884926
0.999871015548706 0.003598616924136877 -0.015653124079108238 -0.015590719878673553 -0.0035380576737225056 0.9999861717224121 0.0038947935681790113 0.010504266247153282 0.01566692255437374 -0.0038389095570892096 0.9998698830604553 -0.016489684581756592
0.9998992681503296 0.0027173198759555817 -0.013929218053817749 -0.016520457342267036 -0.002668587490916252 0.9999902844429016 0.0035159753169864416 0.014480417594313622 0.01393863558769226 -0.0034784500021487474 0.9998968243598938 -0.02071565017104149
0.999941349029541 0.003117909887805581 -0.010373154655098915 -0.017224693670868874 -0.003085934789851308 0.9999904632568359 0.0030970838852226734 0.01864856667816639 0.01038271188735962 -0.0030648913234472275 0.9999414086341858 -0.026003781706094742
0.9999860525131226 0.002549361204728484 -0.004619937855750322 -0.017580192536115646 -0.0025498720351606607 0.9999967217445374 -0.00010465862578712404 0.02221621572971344 0.004619655665010214 0.00011643741163425148 0.9999893307685852 -0.03233390673995018
0.9999989867210388 0.001238281955011189 -0.0006848759949207306 -0.017325634136795998 -0.0012411779025569558 0.9999902248382568 -0.004244185518473387 0.026279237121343613 0.0006796137895435095 0.004245031159371138 0.9999907612800598 -0.040604256093502045
0.9999925494194031 -0.0014051221078261733 0.0035961021203547716 -0.017133479937911034 0.0014238058356568217 0.9999854564666748 -0.005198259372264147 0.030702583491802216 -0.003588745603337884 0.005203340668231249 0.9999800324440002 -0.049715399742126465
0.999973475933075 -0.0034177873749285936 0.006428834982216358 -0.01692533865571022 0.0034475845750421286 0.9999833106994629 -0.00462959473952651 0.03536089509725571 -0.00641290470957756 0.004651636350899935 0.9999685883522034 -0.058062490075826645
0.999928891658783 -0.006296962033957243 0.010127422399818897 -0.016069525852799416 0.006352304946631193 0.9999650120735168 -0.0054418477229774 0.040104255080223083 -0.010092801414430141 0.005505793262273073 0.9999338984489441 -0.06720200926065445
0.999772846698761 -0.009208531118929386 0.019220517948269844 -0.013819783926010132 0.00930693093687296 0.9999440312385559 -0.005036389455199242 0.045466601848602295 -0.019173065200448036 0.005214129574596882 0.9998025894165039 -0.07634051889181137
0.9994207620620728 -0.013728487305343151 0.031139247119426727 -0.00969633087515831 0.013872628100216389 0.9998940229415894 -0.004417564254254103 0.049926258623600006 -0.03107529878616333 0.004846988711506128 0.9995052814483643 -0.08507703244686127
0.9989206194877625 -0.020512372255325317 0.04167479649186134 -0.004978077486157417 0.02074473351240158 0.9997715353965759 -0.005150717683136463 0.0531366728246212 -0.041559625416994095 0.006009690463542938 0.9991179704666138 -0.0943431556224823
0.9980053901672363 -0.025982379913330078 0.05753354728221893 0.0013083850499242544 0.026534821838140488 0.9996086359024048 -0.008858943358063698 0.05516333878040314 -0.057280853390693665 0.010367915034294128 0.9983042478561401 -0.10330992192029953
0.9968056082725525 -0.03222266957163811 0.07307697832584381 0.008298981934785843 0.033454786986112595 0.999316930770874 -0.015699375420808792 0.055145230144262314 -0.07252117991447449 0.018093999475240707 0.9972027540206909 -0.11214932799339294
0.9954236149787903 -0.037259362637996674 0.08799776434898376 0.015522660687565804 0.03931548446416855 0.9989901185035706 -0.021748604252934456 0.05384768545627594 -0.08709855377674103 0.02510874904692173 0.9958832263946533 -0.1209627166390419
0.9939475059509277 -0.03945748135447502 0.10252520442008972 0.022247759625315666 0.042403627187013626 0.9987432956695557 -0.026716219261288643 0.05152095481753349 -0.10134220123291016 0.030901959165930748 0.9943715929985046 -0.1297416239976883
0.9919825792312622 -0.03647284209728241 0.12099718302488327 0.02973880246281624 0.04047766327857971 0.9987054467201233 -0.030806610360741615 0.04808800667524338 -0.11971693485975266 0.0354573056101799 0.9921746850013733 -0.13694104552268982
0.989931046962738 -0.033825043588876724 0.1374497264623642 0.03660167008638382 0.03942977264523506 0.9984896183013916 -0.03825981169939041 0.04259059950709343 -0.13594798743724823 0.043294183909893036 0.9897695779800415 -0.14412875473499298
0.9877230525016785 -0.03519362583756447 0.15219931304454803 0.04285018891096115 0.04270746931433678 0.9980103373527527 -0.04638359695672989 0.03584406524896622 -0.15026406943798065 0.052314192056655884 0.9872608184814453 -0.15045668184757233
0.9853476881980896 -0.04044347628951073 0.16569337248802185 0.048386525362730026 0.049781475216150284 0.9973742961883545 -0.052595801651477814 0.02822602540254593 -0.16313114762306213 0.0600736066699028 0.9847737550735474 -0.15573711693286896
0.9832436442375183 -0.048318419605493546 0.17577609419822693 0.05265031009912491 0.059340763837099075 0.996551513671875 -0.05799783021211624 0.01929408125579357 -0.17236757278442383 0.0674566850066185 0.9827201962471008 -0.16084128618240356
0.9812803864479065 -0.05389641970396042 0.18488910794258118 0.05544281750917435 0.06650540232658386 0.995815098285675 -0.06268391758203506 0.009882314130663872 -0.18073692917823792 0.07380662113428116 0.9807582497596741 -0.1661066859960556
0.9798656105995178 -0.05758051946759224 0.1911749690771103 0.057435352355241776 0.07207729667425156 0.9949566125869751 -0.06975779682397842 -0.0003095511347055435 -0.18619410693645477 0.08213264495134354 0.9790740609169006 -0.17187175154685974
0.9794397950172424 -0.058501455932855606 0.19306805729866028 0.05730786919593811 0.07461299747228622 0.9942153692245483 -0.0772571787238121 -0.009726036339998245 -0.18743157386779785 0.09007414430379868 0.9781391024589539 -0.17755858600139618
