0.9999759793281555 -0.0068979403004050255 -0.0006816075183451176 0.0027500002179294825 0.006902442313730717 0.9999527931213379 0.0068398118019104 -0.025703342631459236 0.000634394702501595 -0.006844351999461651 0.999976396560669 -0.005830510053783655
0.9999449849128723 -0.010219467803835869 0.0023593767546117306 0.0006763102719560266 0.010207269340753555 0.9999347925186157 0.005125782918184996 -0.013965187594294548 -0.002411605790257454 -0.00510141858831048 0.999984085559845 0.01535541471093893
0.9999150633811951 -0.012427636422216892 0.003934233915060759 -0.0026190774515271187 0.012414409779012203 0.9999172687530518 0.0033685248345136642 -0.0006324043497443199 -0.003975770901888609 -0.0033193975687026978 0.9999865889549255 0.04032362997531891
0.9998923540115356 -0.013673144392669201 0.005324498284608126 -0.0030839263927191496 0.013661903329193592 0.9999043941497803 0.0021417520474642515 0.0076640015468001366 -0.00535327335819602 -0.002068778732791543 0.999983549118042 0.057357773184776306
0.9998406767845154 -0.016152486205101013 0.007593889720737934 -0.00378194241784513 0.01615174487233162 0.9998695254325867 0.00015901547158136964 0.01752677746117115 -0.007595467381179333 -3.6335586628410965e-05 0.9999711513519287 0.0824466198682785
0.9998103976249695 -0.01732742413878441 0.008881421759724617 -0.0059247445315122604 0.01734405755996704 0.999847948551178 -0.0017993056681007147 0.029081296175718307 -0.008848894387483597 0.0019530043937265873 0.9999589323997498 0.10691582411527634
0.9997496008872986 -0.019494162872433662 0.01098766177892685 -0.006381601095199585 0.019533133134245872 0.9998032450675964 -0.003450670512393117 0.03700973838567734 -0.010918231680989265 0.003664429998025298 0.999933660030365 0.12984821200370789
0.9997217655181885 -0.020297572016716003 0.012014397419989109 -0.009021248668432236 0.020348668098449707 0.9997843503952026 -0.004146113526076078 0.04826701059937477 -0.011927650310099125 0.004389437381178141 0.9999192357063293 0.15253803133964539
0.9996504187583923 -0.022404110059142113 0.014037334360182285 -0.010228426195681095 0.02249746583402157 0.9997255802154541 -0.006528255995362997 0.05668606609106064 -0.013887221924960613 0.006841778289526701 0.9998801350593567 0.17145417630672455
0.9995428323745728 -0.025115851312875748 0.016830600798130035 -0.011278757825493813 0.025252211838960648 0.9996495842933655 -0.007938964292407036 0.06802131235599518 -0.016625307500362396 0.008360344916582108 0.9998268485069275 0.19941280782222748
0.9995012283325195 -0.026404382660984993 0.017322786152362823 -0.01464290264993906 0.026565363630652428 0.9996053576469421 -0.009129679761826992 0.07844236493110657 -0.017074886709451675 0.009585312567651272 0.9998082518577576 0.22688420116901398
0.9994051456451416 -0.028449008241295815 0.019494138658046722 -0.017167432233691216 0.028649864718317986 0.9995384812355042 -0.010102731175720692 0.09063921868801117 -0.019197728484869003 0.01065522525459528 0.9997588992118835 0.2533518671989441
0.9992495179176331 -0.03147358447313309 0.022579006850719452 -0.019243018701672554 0.03178010880947113 0.9994057416915894 -0.013347531668841839 0.10138852894306183 -0.02214549481868744 0.01405507791787386 0.9996559619903564 0.28009507060050964
0.9991491436958313 -0.03321542590856552 0.024448953568935394 -0.021761059761047363 0.03358359634876251 0.999326229095459 -0.014805232174694538 0.11224626749753952 -0.023940719664096832 0.015613718889653683 0.9995914697647095 0.30311381816864014
0.9990168213844299 -0.0351267084479332 0.02704649604856968 -0.023463420569896698 0.03557713329792023 0.999233067035675 -0.016356607899069786 0.12189226597547531 -0.026451198384165764 0.01730276457965374 0.9995003342628479 0.3246622085571289
0.9988711476325989 -0.03746705502271652 0.02919989451766014 -0.026504339650273323 0.038008593022823334 0.9991113543510437 -0.018216654658317566 0.1338897943496704 -0.028491422533988953 0.019305936992168427 0.9994075894355774 0.3530799448490143
0.998640239238739 -0.040676768869161606 0.032604482024908066 -0.027559805661439896 0.04135094955563545 0.9989389181137085 -0.020276840776205063 0.14483581483364105 -0.03174508735537529 0.021597497165203094 0.9992626309394836 0.37725967168807983
0.9986336827278137 -0.04087139666080475 0.03256203606724739 -0.031549979001283646 0.041580550372600555 0.9989057779312134 -0.021407196298241615 0.15536507964134216 -0.031651463359594345 0.022731894627213478 0.9992404580116272 0.4013662338256836
0.9983992576599121 -0.044020771980285645 0.03551177680492401 -0.03314829617738724 0.04487457871437073 0.998713493347168 -0.023614848032593727 0.16722530126571655 -0.03442654758691788 0.025170622393488884 0.9990901947021484 0.42536014318466187
0.9982582926750183 -0.045751914381980896 0.03724397346377373 -0.035017140209674835 0.0467144176363945 0.9985854029655457 -0.025396335870027542 0.17716330289840698 -0.036029357463121414 0.02709193527698517 0.9989834427833557 0.4481023848056793
0.9980345368385315 -0.048467136919498444 0.039724405854940414 -0.0365547314286232 0.049532465636730194 0.9984265565872192 -0.026286980137228966 0.18762046098709106 -0.03838784620165825 0.028202960267663002 0.9988648295402527 0.47118091583251953
0.997741162776947 -0.051685068756341934 0.04290938004851341 -0.036696720868349075 0.05289825424551964 0.9982174634933472 -0.02763560600578785 0.1985369175672531 -0.041404541581869125 0.029843011870980263 0.9986966848373413 0.49666884541511536
0.9976963400840759 -0.05229127034544945 0.043216727674007416 -0.039196599274873734 0.05358557775616646 0.9981317520141602 -0.02935331128537655 0.20466341078281403 -0.041601069271564484 0.03160148486495018 0.998634397983551 0.5155616402626038
0.9973710179328918 -0.055632755160331726 0.04643363505601883 -0.0408085361123085 0.05710507184267044 0.9978865385055542 -0.031006891280412674 0.2185550034046173 -0.04461050033569336 0.03357696905732155 0.9984400272369385 0.5471948385238647
0.9972020983695984 -0.057438503950834274 0.04784131050109863 -0.04184497147798538 0.0590362511575222 0.9977207779884338 -0.03268065303564072 0.22502818703651428 -0.045855142176151276 0.03541358560323715 0.9983201622962952 0.5643714666366577
0.9970108866691589 -0.058933477848768234 0.04996078088879585 -0.04278820380568504 0.06067316606640816 0.9975767731666565 -0.03404950350522995 0.23372618854045868 -0.04783305898308754 0.03697900474071503 0.9981706142425537 0.583699107170105
0.9967125654220581 -0.06188115105032921 0.052295420318841934 -0.04498676583170891 0.06380938738584518 0.9973110556602478 -0.036042578518390656 0.2434232383966446 -0.049924444407224655 0.03926102817058563 0.9979810118675232 0.6054340600967407
0.9964651465415955 -0.06369604915380478 0.0547722652554512 -0.04473746567964554 0.06579764932394028 0.9971295595169067 -0.03746144101023674 0.2535281777381897 -0.0522288978099823 0.04093290492892265 0.9977958798408508 0.633375883102417
0.9961745738983154 -0.06682661920785904 0.05630667507648468 -0.04637298732995987 0.06905785948038101 0.9968633651733398 -0.03865737095475197 0.26126331090927124 -0.0535467192530632 0.04239790514111519 0.9976648688316345 0.6559715867042542
0.9960107803344727 -0.0682995542883873 0.057425934821367264 -0.04774269461631775 0.07060050219297409 0.9967404007911682 -0.03904040530323982 0.2684943377971649 -0.05457230284810066 0.0429389663040638 0.9975861310958862 0.672724187374115
0.9955872297286987 -0.07138541340827942 0.06091096252202988 -0.04663722217082977 0.07393231987953186 0.9964350461959839 -0.0406356155872345 0.277904212474823 -0.057793028652668 0.04495958983898163 0.9973157048225403 0.6965658068656921
0.9955868124961853 -0.07153259217739105 0.06074542924761772 -0.04878914728760719 0.07415533065795898 0.9963586330413818 -0.04207642376422882 0.2831275463104248 -0.05751439556479454 0.046395331621170044 0.9972660541534424 0.7120271921157837
0.995057225227356 -0.0758679136633873 0.0640714019536972 -0.04804009571671486 0.07877904921770096 0.9959117770195007 -0.04419926926493645 0.2934732139110565 -0.060456160455942154 0.04902828857302666 0.9969660639762878 0.7404194474220276
0.994976282119751 -0.0763898715376854 0.06470578163862228 -0.04897140711545944 0.07935235649347305 0.995851993560791 -0.04451997950673103 0.30170559883117676 -0.06103650480508804 0.049430880695581436 0.996910810470581 0.7573549747467041
0.9943795204162598 -0.08053459227085114 0.06872834265232086 -0.047327570617198944 0.08383163809776306 0.9953937530517578 -0.04651404544711113 0.31242600083351135 -0.0646657645702362 0.052014220505952835 0.9965505003929138 0.7825325727462769
0.9941956400871277 -0.08193762600421906 0.06972299516201019 -0.048208579421043396 0.08539675176143646 0.9951821565628052 -0.04816514626145363 0.3217182159423828 -0.06544053554534912 0.05383969470858574 0.99640291929245 0.8067420721054077
0.9937779903411865 -0.08471707999706268 0.07230691611766815 -0.047694139182567596 0.08844570815563202 0.9948242902755737 -0.05001988634467125 0.3291882872581482 -0.06769514083862305 0.0561038963496685 0.9961273670196533 0.8261651992797852
0.9931750297546387 -0.08871446549892426 0.0757170021533966 -0.04554300755262375 0.0927097350358963 0.9943869113922119 -0.05098589137196541 0.3389579653739929 -0.0707688182592392 0.05765761807560921 0.9958249926567078 0.8482242226600647
0.9932395219802856 -0.08844660222530365 0.07518277317285538 -0.048033706843853 0.09245441854000092 0.9943786263465881 -0.05160711705684662 0.3459491431713104 -0.07019566744565964 0.05820921063423157 0.9958334565162659 0.8643164038658142
0.9926129579544067 -0.09252769500017166 0.078473761677742 -0.04563228413462639 0.09683770686388016 0.9938872456550598 -0.053014691919088364 0.3548490107059479 -0.07308875024318695 0.060222286731004715 0.9955055713653564 0.8931223750114441
0.9923778176307678 -0.0939847081899643 0.0797063410282135 -0.045761726796627045 0.09849566221237183 0.9936339855194092 -0.05468209460377693 0.3613344430923462 -0.07405965030193329 0.06211603060364723 0.9953173995018005 0.9076505899429321
0.992000162601471 -0.09621912240982056 0.08171660453081131 -0.04359285160899162 0.10099075734615326 0.9932868480682373 -0.056410275399684906 0.36843228340148926 -0.075740285217762 0.06421162188053131 0.9950579404830933 0.9320261478424072
0.9914700388908386 -0.09967590123414993 0.0839754194021225 -0.0426788255572319 0.10463967174291611 0.9928792119026184 -0.0569329708814621 0.3769114017486572 -0.0777026116847992 0.06523449718952179 0.9948400855064392 0.9539681673049927
0.9912012815475464 -0.10108153522014618 0.08545512706041336 -0.041538774967193604 0.10628446936607361 0.9926020503044128 -0.05869237706065178 0.38271966576576233 -0.07889021188020706 0.06725851446390152 0.9946117997169495 0.9709063768386841
0.990683913230896 -0.10415550321340561 0.08773265779018402 -0.039441678673028946 0.10957669466733932 0.9922009706497192 -0.059415534138679504 0.3920242190361023 -0.08085997402667999 0.06847546994686127 0.9943705201148987 0.9943759441375732
0.990288257598877 -0.10637271404266357 0.08952121436595917 -0.03748641535639763 0.11203257739543915 0.9918452501296997 -0.060759562999010086 0.39784878492355347 -0.08232803642749786 0.07019877433776855 0.9941298961639404 1.0138866901397705
0.9898042678833008 -0.1093025878071785 0.09132634103298187 -0.036277104169130325 0.11515455693006516 0.9914443492889404 -0.06146134063601494 0.4071040451526642 -0.08382710814476013 0.07135134190320969 0.9939225316047668 1.0364750623703003
0.989328145980835 -0.11154378950595856 0.0937432274222374 -0.03294853866100311 0.11775869131088257 0.9910037517547607 -0.0635957419872284 0.4115195572376251 -0.08580618351697922 0.07395613193511963 0.993563175201416 1.0574548244476318
0.9889656901359558 -0.11372295022010803 0.0949418768286705 -0.03262881189584732 0.12003090977668762 0.9907313585281372 -0.06359207630157471 0.42080384492874146 -0.0868300125002861 0.07428634166717529 0.9934495687484741 1.0784404277801514
0.9884798526763916 -0.11614728718996048 0.09704332053661346 -0.02935446798801422 0.12278107553720474 0.9902750253677368 -0.06542295962572098 0.42611414194107056 -0.08850087225437164 0.0765843614935875 0.9931275844573975 1.096048355102539
0.9879499673843384 -0.11877463012933731 0.09923447668552399 -0.02689184993505478 0.12564203143119812 0.9898732900619507 -0.06606780737638474 0.433729887008667 -0.09038238227367401 0.07773970812559128 0.9928683638572693 1.1176117658615112
0.9872644543647766 -0.12249287217855453 0.10151081532239914 -0.023888561874628067 0.12964603304862976 0.9892852902412415 -0.06713100522756577 0.43955928087234497 -0.09220007807016373 0.0794365331530571 0.9925668835639954 1.1362159252166748
0.9871124625205994 -0.12321989983320236 0.10210683196783066 -0.02317393571138382 0.13054363429546356 0.9890782237052917 -0.06842957437038422 0.44620755314826965 -0.09255976229906082 0.08087708055973053 0.99241703748703 1.1568996906280518
0.9864677786827087 -0.12616834044456482 0.10470394790172577 -0.019345320761203766 0.13378256559371948 0.9885933995246887 -0.0691760703921318 0.4524950385093689 -0.0947818011045456 0.08224751800298691 0.9920946359634399 1.1754460334777832
0.9861238598823547 -0.1282433122396469 0.10541989654302597 -0.018300753086805344 0.13597224652767181 0.9882575869560242 -0.06970255821943283 0.4600406885147095 -0.09524313360452652 0.08306954056024551 0.9919819831848145 1.1980444192886353
0.9851977825164795 -0.13291065394878387 0.10825912654399872 -0.014646761119365692 0.14106066524982452 0.9874199628829956 -0.07144001126289368 0.4642241895198822 -0.09740208089351654 0.0856536477804184 0.991552472114563 1.2180202007293701
0.9852323532104492 -0.13252395391464233 0.10841876268386841 -0.013922043144702911 0.14074504375457764 0.9874221086502075 -0.07203085720539093 0.4705752432346344 -0.09750926494598389 0.08622653782367706 0.9914922714233398 1.2341351509094238
0.9841336011886597 -0.1370537430047989 0.11268231272697449 -0.008358746767044067 0.14580507576465607 0.9865828156471252 -0.07345253974199295 0.4754229784011841 -0.10110348463058472 0.0887167677283287 0.9909124374389648 1.2527625560760498
0.983809232711792 -0.1384768784046173 0.11376974731683731 -0.006982915103435516 0.14741504192352295 0.9862813353538513 -0.07428272068500519 0.4822152853012085 -0.10192253440618515 0.08985139429569244 0.9907262325286865 1.2725410461425781
0.9832990169525146 -0.1410364955663681 0.11502940952777863 -0.005584806203842163 0.1502060443162918 0.9857797622680664 -0.07534189522266388 0.48774561285972595 -0.1027677059173584 0.09136171638965607 0.990500807762146 1.2900627851486206
0.9828230738639832 -0.14293630421161652 0.11673890799283981 -0.0031557977199554443 0.15231536328792572 0.9854224920272827 -0.07577943801879883 0.49403417110443115 -0.10420551151037216 0.09225891530513763 0.9902673959732056 1.3112770318984985
0.9820824265480042 -0.14622753858566284 0.11887624859809875 -4.381686449050903e-05 0.15592220425605774 0.9847813844680786 -0.07677154242992401 0.4999305307865143 -0.10584099590778351 0.09393143653869629 0.9899366497993469 1.3320292234420776
0.9814217686653137 -0.14880284667015076 0.12111569195985794 0.002942688763141632 0.15880930423736572 0.9842547178268433 -0.07760356366634369 0.504637598991394 -0.10766106098890305 0.09539613127708435 0.9896002411842346 1.3481287956237793
0.9807871580123901 -0.151180699467659 0.12329217791557312 0.006062306463718414 0.16149236261844635 0.9837557673454285 -0.07838892936706543 0.5108965039253235 -0.10943849384784698 0.09679360687732697 0.9892695546150208 1.3653310537338257
0.9803147315979004 -0.15353140234947205 0.12414171546697617 0.00738130509853363 0.16402164101600647 0.9832739233970642 -0.0791788101196289 0.5161338448524475 -0.10990887135267258 0.09798207879066467 0.9891003966331482 1.3827818632125854
0.9795233011245728 -0.15619339048862457 0.12703433632850647 0.012256041169166565 0.16709820926189423 0.9826719760894775 -0.08021242171525955 0.522423505783081 -0.1123044341802597 0.09979715198278427 0.9886497259140015 1.4038903713226318
0.9788720011711121 -0.1586824357509613 0.1289554089307785 0.015326984226703644 0.1699363887310028 0.9820809960365295 -0.08147750049829483 0.5259491801261902 -0.11371561139822006 0.10167025774717331 0.9882974624633789 1.4208368062973022
0.9782477021217346 -0.16149215400218964 0.1301986128091812 0.01731954514980316 0.1729576140642166 0.9815006256103516 -0.08211112022399902 0.5311434864997864 -0.11452971398830414 0.10284386575222015 0.9880820512771606 1.436439871788025
0.9779379963874817 -0.16253533959388733 0.13122335076332092 0.019916623830795288 0.17415693402290344 0.9812558889389038 -0.08250008523464203 0.5360460877418518 -0.1153545007109642 0.10353343188762665 0.9879140257835388 1.4523890018463135
0.9770289659500122 -0.16635936498641968 0.13318754732608795 0.02357436716556549 0.17824676632881165 0.9804890751838684 -0.08288092911243439 0.5413777828216553 -0.11680091917514801 0.10471731424331665 0.9876192808151245 1.47099769115448
0.9765276312828064 -0.16808010637760162 0.13469554483890533 0.026593565940856934 0.1802224963903427 0.9800654053688049 -0.08361639827489853 0.5465491414070129 -0.11795618385076523 0.10592889040708542 0.987352728843689 1.4881985187530518
0.975549578666687 -0.1708708256483078 0.13822531700134277 0.03323720395565033 0.18359754979610443 0.9793040156364441 -0.08517993986606598 0.5494513511657715 -0.12080983072519302 0.10847507417201996 0.9867310523986816 1.5056486129760742
0.9749770164489746 -0.17312738299369812 0.13945133984088898 0.03579302132129669 0.18605780601501465 0.9787976741790771 -0.08566005527973175 0.5540085434913635 -0.12166453897953033 0.10946260392665863 0.9865169525146484 1.5230693817138672
0.9746125340461731 -0.17492082715034485 0.13976086676120758 0.03815537691116333 0.1879340410232544 0.9784098267555237 -0.08599422872066498 0.5598286986351013 -0.12170122563838959 0.11007687449455261 0.9864440560340881 1.5406239032745361
0.973402202129364 -0.17821331322193146 0.14397293329238892 0.04567471891641617 0.19186721742153168 0.9775400161743164 -0.08719219267368317 0.5628014206886292 -0.12520048022270203 0.1124967634677887 0.985732913017273 1.557237148284912
0.9728853702545166 -0.18049632012844086 0.14462082087993622 0.048371821641922 0.19429047405719757 0.9770218729972839 -0.08763264119625092 0.5677432417869568 -0.12548033893108368 0.11335496604442596 0.9855989813804626 1.575668215751648
0.9722535610198975 -0.1823980063199997 0.14647173881530762 0.05297904089093208 0.19652454555034637 0.9764981865882874 -0.08848369121551514 0.571561336517334 -0.1268901526927948 0.11481387913227081 0.9852495193481445 1.5903990268707275
0.9716300368309021 -0.1847219467163086 0.1476917564868927 0.056255973875522614 0.19898375868797302 0.9760127067565918 -0.08834371715784073 0.5772987008094788 -0.12782999873161316 0.1152256652712822 0.9850799441337585 1.6095340251922607
0.9706777334213257 -0.18756699562072754 0.15034423768520355 0.06218162551522255 0.20233917236328125 0.9751952886581421 -0.08973861485719681 0.5803208351135254 -0.12978298962116241 0.1175278052687645 0.9845525026321411 1.6253896951675415
0.9701718091964722 -0.18901294469833374 0.15179185569286346 0.06699790805578232 0.20392736792564392 0.9748910665512085 -0.08944840729236603 0.5867573022842407 -0.13107360899448395 0.11773483455181122 0.9843567609786987 1.6433420181274414
0.9694522619247437 -0.19176168739795685 0.15293720364570618 0.07044542580842972 0.20703910291194916 0.9740886092185974 -0.09102858603000641 0.5894697308540344 -0.13151860237121582 0.11991184949874878 0.984034538269043 1.6588084697723389
0.968725860118866 -0.1935824304819107 0.15522903203964233 0.07702448964118958 0.20924510061740875 0.9735515713691711 -0.09172677248716354 0.593595564365387 -0.13336679339408875 0.12133901566267014 0.9836107492446899 1.6763278245925903
0.9678865075111389 -0.1965727061033249 0.15670010447502136 0.08149414509534836 0.21253927052021027 0.9727643728256226 -0.09250133484601974 0.597703754901886 -0.1342490315437317 0.12283571809530258 0.9833049178123474 1.6948078870773315
0.9672499895095825 -0.19813556969165802 0.15864995121955872 0.08750933408737183 0.2143806368112564 0.9723430871963501 -0.09268149733543396 0.6020897030830383 -0.1358986794948578 0.12365765869617462 0.9829752445220947 1.7097150087356567
0.9663321375846863 -0.20130547881126404 0.16024458408355713 0.09241458773612976 0.21792545914649963 0.9714475870132446 -0.09379824995994568 0.6044829487800598 -0.13678711652755737 0.1255616396665573 0.9826105833053589 1.726231336593628
0.965854823589325 -0.20255941152572632 0.16153669357299805 0.09731462597846985 0.2193271517753601 0.9711494445800781 -0.09361790120601654 0.6093160510063171 -0.1379130780696869 0.12585069239139557 0.9824162125587463 1.743196964263916
0.9652100801467896 -0.20476937294006348 0.16260075569152832 0.10096509754657745 0.221866637468338 0.9704485535621643 -0.09489364176988602 0.61116623878479 -0.13836434483528137 0.12766799330711365 0.9821181893348694 1.7579624652862549
0.9643074870109558 -0.20749419927597046 0.1644906997680664 0.10657201707363129 0.22491392493247986 0.9697058200836182 -0.09531154483556747 0.6137328147888184 -0.13973098993301392 0.12890589237213135 0.9817629456520081 1.7724902629852295
0.9634937047958374 -0.20890527963638306 0.1674470454454422 0.11527267098426819 0.2267027199268341 0.9693043828010559 -0.0951574295759201 0.6185214519500732 -0.14242826402187347 0.1296442747116089 0.9812780022621155 1.7890043258666992
0.9628833532333374 -0.21089233458042145 0.16846401989459991 0.11943401396274567 0.2289315015077591 0.9687167406082153 -0.09580311924219131 0.6202943325042725 -0.14298976957798004 0.13081394135951996 0.9810410737991333 1.8035224676132202
0.9622489809989929 -0.21252188086509705 0.1700335443019867 0.1250949203968048 0.2308301031589508 0.9682338237762451 -0.09612904489040375 0.6242156028747559 -0.14420270919799805 0.13174892961978912 0.9807384014129639 1.8202400207519531
0.9615310430526733 -0.2148101031780243 0.17121516168117523 0.1292874962091446 0.23341906070709229 0.9675276875495911 -0.09698300063610077 0.6255677938461304 -0.14482249319553375 0.13321705162525177 0.9804487228393555 1.83304762840271
0.9606637954711914 -0.21699219942092896 0.17331883311271667 0.13608671724796295 0.23588290810585022 0.9669438600540161 -0.09684408456087112 0.6290505528450012 -0.1465751826763153 0.13391755521297455 0.9800927639007568 1.8472620248794556
0.9597485065460205 -0.219577819108963 0.17512381076812744 0.14162546396255493 0.2389126718044281 0.9660808444023132 -0.09802290797233582 0.6294753551483154 -0.14766010642051697 0.13591663539409637 0.9796546101570129 1.8596738576889038
0.9592824578285217 -0.22039298713207245 0.1766468733549118 0.14808529615402222 0.23982475697994232 0.9659356474876404 -0.09722365438938141 0.6343144774436951 -0.14920209348201752 0.13562923669815063 0.9794607758522034 1.8754748106002808
0.9582375288009644 -0.2235303372144699 0.17836754024028778 0.1530638337135315 0.243357852101326 0.964963972568512 -0.09808900952339172 0.6343162655830383 -0.15019239485263824 0.13739971816539764 0.9790626168251038 1.8873144388198853
0.9574432373046875 -0.22548675537109375 0.18016141653060913 0.15927737951278687 0.24561381340026855 0.9643716812133789 -0.09829097986221313 0.636574923992157 -0.15157926082611084 0.13835817575454712 0.9787138104438782 1.901198148727417
0.9566790461540222 -0.2276930809020996 0.1814415454864502 0.16427847743034363 0.24799081683158875 0.9637815952301025 -0.09810999035835266 0.6377717852592468 -0.15253105759620667 0.13885562121868134 0.9784954786300659 1.9123255014419556
0.9561023712158203 -0.22904475033283234 0.1827751100063324 0.17097194492816925 0.24954764544963837 0.9633771181106567 -0.09813492000102997 0.6385504603385925 -0.15360406041145325 0.13943813741207123 0.9782447814941406 1.9259692430496216
