0.9999932050704956 0.0014065688010305166 -0.003405702766031027 0.02982884831726551 -0.0014195095282047987 0.999991774559021 -0.0038002822548151016 0.02523525431752205 0.003400329500436783 0.0038050906732678413 0.999987006187439 -0.09966582804918289
0.9999966025352478 0.0008735007722862065 -0.0024541562888771296 0.02338484674692154 -0.0008825465920381248 0.9999927878379822 -0.0036872639320790768 0.0157959945499897 0.0024509176146239042 0.0036894171498715878 0.9999901652336121 -0.0912468209862709
0.9999963045120239 0.0010567266726866364 -0.002501461422070861 0.012694157660007477 -0.0010601471876725554 0.9999985098838806 -0.001366515178233385 0.0010772068053483963 0.002500013681128621 0.0013691619969904423 0.9999959468841553 -0.07656432688236237
0.9999979734420776 0.0006960927275940776 -0.0018988415831699967 0.002873803721740842 -0.0006957825971767306 0.9999997615814209 0.00016400677850469947 -0.010746419429779053 0.0018989552045240998 -0.00016268526087515056 0.9999982118606567 -0.059301093220710754
0.9999985694885254 0.0011451243190094829 -0.001223137485794723 -0.005636324640363455 -0.0011441671522334218 0.9999990463256836 0.0007829471724107862 -0.023298660293221474 0.0012240329524502158 -0.0007815465796738863 0.999998927116394 -0.04512302577495575
0.9999997615814209 0.0003881232114508748 -0.0005277047748677433 -0.015177810564637184 -0.00038696214323863387 0.9999974966049194 0.00219849799759686 -0.03557835519313812 0.0005285567021928728 -0.0021982931066304445 0.9999974370002747 -0.030325841158628464
0.9999998807907104 0.000486798002384603 -7.541190279880539e-05 -0.024051301181316376 -0.0004865490482188761 0.9999945759773254 0.0032666141632944345 -0.04750388488173485 7.700167043367401e-05 -0.00326657691039145 0.9999946355819702 -0.013227381743490696
0.9999998211860657 0.0004799910821020603 0.0003814918745774776 -0.029729187488555908 -0.0004812184488400817 0.999994695186615 0.003223756793886423 -0.05549699068069458 -0.000379942444851622 -0.003223939798772335 0.9999947547912598 -0.004671907983720303
0.9999995827674866 0.00017357147589791566 0.0008804969256743789 -0.03565266728401184 -0.00017732194100972265 0.9999908804893494 0.00426120962947607 -0.0620858408510685 -0.0008797493064776063 -0.004261364229023457 0.9999905228614807 0.004389975219964981
0.9999994039535522 0.000272750505246222 0.0010778723517432809 -0.044119592756032944 -0.0002785071264952421 0.9999856948852539 0.005344163626432419 -0.07147125154733658 -0.0010763992322608829 -0.005344460718333721 0.9999851584434509 0.01876094564795494
0.9999983906745911 -0.0004706359759438783 0.0017247870564460754 -0.05206568166613579 0.000459927978226915 0.999980628490448 0.006203450728207827 -0.08204509317874908 -0.0017276732251048088 -0.006202647928148508 0.9999792575836182 0.03116740472614765
0.999997079372406 -0.0004346990317571908 0.0023890691809356213 -0.05952350050210953 0.000417635339545086 0.9999744296073914 0.00713826809078455 -0.09146499633789062 -0.0023921108804643154 -0.00713724922388792 0.9999716877937317 0.043015897274017334
0.9999964237213135 -0.00034544154186733067 0.0026449118740856647 -0.0710880383849144 0.0003231314185541123 0.9999644160270691 0.00843090657144785 -0.10556574165821075 -0.002647730056196451 -0.008430021815001965 0.9999609589576721 0.06565776467323303
0.9999938011169434 -0.0006070959498174489 0.0034640685189515352 -0.07842285186052322 0.0005738785839639604 0.9999539256095886 0.009582065045833588 -0.11435802280902863 -0.0034697263035923243 -0.009580017998814583 0.9999480843544006 0.07739809155464172
0.9999936819076538 -0.0008633990655653179 0.003453675890341401 -0.0855061486363411 0.0008281820337288082 0.9999477863311768 0.0101854233071208 -0.12378531694412231 -0.0034622896928340197 -0.010182498954236507 0.9999421834945679 0.08985058963298798
0.9999892711639404 -0.0012523956829681993 0.004456238821148872 -0.09487280994653702 0.001200797618366778 0.9999324083328247 0.0115627096965909 -0.13642285764217377 -0.004470419138669968 -0.01155723538249731 0.9999232292175293 0.1087905615568161
0.9999893307685852 -0.0010952301090583205 0.004482104908674955 -0.1039571538567543 0.0010394578566774726 0.9999222159385681 0.012426760978996754 -0.14748843014240265 -0.00449536694213748 -0.012421970255672932 0.9999127388000488 0.12463432550430298
0.9999813437461853 -0.0018819790566340089 0.005814783740788698 -0.11282067000865936 0.0018024261808022857 0.9999051094055176 0.013656209222972393 -0.15916340053081512 -0.005839933175593615 -0.013645472936332226 0.9998898506164551 0.14361853897571564
0.9999786615371704 -0.0020140467677265406 0.006210254039615393 -0.12087470293045044 0.0019220866961404681 0.9998889565467834 0.014778352342545986 -0.16869905591011047 -0.006239328999072313 -0.014766099862754345 0.9998714923858643 0.15614891052246094
0.9999824166297913 -0.0015042935265228152 0.005732889752835035 -0.1292434185743332 0.0014166078763082623 0.9998824000358582 0.015268674120306969 -0.17780455946922302 -0.005755184683948755 -0.015260284766554832 0.9998669624328613 0.17104394733905792
0.9999729990959167 -0.0018956386484205723 0.007101376075297594 -0.13679181039333344 0.001776510151103139 0.9998582005500793 0.01674431748688221 -0.18785138428211212 -0.0071321106515824795 -0.016731249168515205 0.9998345971107483 0.18649405241012573
0.9999693036079407 -0.002078409306704998 0.007553584408015013 -0.1459828019142151 0.0019471306586638093 0.9998476505279541 0.017345638945698738 -0.1988677829504013 -0.007588484790176153 -0.01733039878308773 0.9998210072517395 0.20563769340515137
0.9999701380729675 -0.002140115015208721 0.007422835100442171 -0.15418943762779236 0.0020076599903404713 0.9998394250869751 0.017806032672524452 -0.20903964340686798 -0.007459749933332205 -0.017790598794817924 0.9998139142990112 0.22072342038154602
0.9999648928642273 -0.002342341933399439 0.008047450333833694 -0.16033022105693817 0.002191467210650444 0.9998226165771484 0.01870606653392315 -0.21651993691921234 -0.008089838549494743 -0.0186877753585577 0.9997926354408264 0.23407971858978271
0.9999569654464722 -0.0028578033670783043 0.008828658610582352 -0.1691238284111023 0.002681989222764969 0.9997991323471069 0.019862081855535507 -0.2274286448955536 -0.008883647620677948 -0.019837547093629837 0.9997637271881104 0.25228172540664673
0.9999478459358215 -0.0028316897805780172 0.009813377633690834 -0.1799013763666153 0.0026207820046693087 0.9997667074203491 0.02143847942352295 -0.23948612809181213 -0.009871795773506165 -0.02141164243221283 0.9997220039367676 0.27378401160240173
0.9999482035636902 -0.002968067303299904 0.00973502267152071 -0.18553228676319122 0.0027573402039706707 0.9997631311416626 0.02158874273300171 -0.24667446315288544 -0.009796793572604656 -0.021560780704021454 0.9997195601463318 0.28680655360221863
0.9999420642852783 -0.0031625404953956604 0.010290966369211674 -0.19431136548519135 0.002934611402451992 0.9997516870498657 0.0220886692404747 -0.2566808760166168 -0.010358267463743687 -0.022057190537452698 0.999703049659729 0.30284422636032104
0.9999381899833679 -0.002820104593411088 0.010755053721368313 -0.20381160080432892 0.0025656295474618673 0.9997181296348572 0.0236018355935812 -0.26732027530670166 -0.010818581096827984 -0.023572782054543495 0.9996635913848877 0.31999489665031433
0.9999298453330994 -0.0033482781145721674 0.01136021688580513 -0.2092362642288208 0.0030714378226548433 0.9997000098228455 0.02429981715977192 -0.2732165455818176 -0.011438170447945595 -0.02426321990787983 0.999640166759491 0.3318997919559479
0.9999158978462219 -0.004068367183208466 0.012313649989664555 -0.2144905924797058 0.0037619827780872583 0.9996852874755859 0.02480338327586651 -0.28051814436912537 -0.012410684488713741 -0.024754973128437996 0.9996165037155151 0.34491434693336487
0.9999160766601562 -0.003790981601923704 0.012388210743665695 -0.22083528339862823 0.0034800819121301174 0.9996808171272278 0.025022339075803757 -0.28780364990234375 -0.012479115277528763 -0.024977128952741623 0.9996101260185242 0.35321274399757385
0.9999200105667114 -0.003550003981217742 0.012140002101659775 -0.22932738065719604 0.003224565414711833 0.9996376633644104 0.026722412556409836 -0.29527410864830017 -0.012230468913912773 -0.02668112888932228 0.9995691776275635 0.3691213130950928
0.9999070763587952 -0.004158016759902239 0.012981094419956207 -0.23401974141597748 0.0038079251535236835 0.9996314644813538 0.02687854878604412 -0.30151158571243286 -0.013088071718811989 -0.02682662196457386 0.9995543956756592 0.3789355456829071
0.9999054670333862 -0.0035955547355115414 0.013271158561110497 -0.24498474597930908 0.0032262573949992657 0.9996098279953003 0.027744321152567863 -0.3132530450820923 -0.013365736231207848 -0.027698883786797523 0.9995269775390625 0.40089941024780273
0.9998875260353088 -0.004534828942269087 0.014294757507741451 -0.2527354955673218 0.004118973854929209 0.9995712637901306 0.028987858444452286 -0.3229855000972748 -0.014420083723962307 -0.02892572060227394 0.9994775652885437 0.41446617245674133
0.9998745322227478 -0.0047346302308142185 0.015115676447749138 -0.2654001712799072 0.004280986730009317 0.9995436072349548 0.029904015362262726 -0.33755627274513245 -0.01525036245584488 -0.029835551977157593 0.999438464641571 0.4438478350639343
0.9998683929443359 -0.004589003976434469 0.015560824424028397 -0.27150630950927734 0.004109140019863844 0.9995192289352417 0.030730942264199257 -0.3432670533657074 -0.01569436863064766 -0.030662955716252327 0.9994065761566162 0.45291855931282043
0.999866247177124 -0.004494813270866871 0.015724550932645798 -0.28282493352890015 0.004000920802354813 0.9995020031929016 0.031300656497478485 -0.3550317883491516 -0.015857409685850143 -0.03123355656862259 0.9993863105773926 0.4743219316005707
0.9998453855514526 -0.0054407804273068905 0.01672087050974369 -0.2899231016635895 0.00489331828430295 0.9994561672210693 0.032609518617391586 -0.3636985421180725 -0.016889197751879692 -0.03252265974879265 0.9993283152580261 0.49007365107536316
0.9998273253440857 -0.005925612058490515 0.01761208102107048 -0.2994121015071869 0.005329157691448927 0.9994170069694519 0.03372231870889664 -0.37441286444664 -0.017801638692617416 -0.03362263739109039 0.9992760419845581 0.5135252475738525
0.9998257160186768 -0.005262106657028198 0.017912158742547035 -0.3080751895904541 0.004646246321499348 0.9994024038314819 0.03425191715359688 -0.38200896978378296 -0.01808169297873974 -0.0341627262532711 0.9992526769638062 0.5258626937866211
0.9998111128807068 -0.005976403132081032 0.018494410440325737 -0.3143746554851532 0.005327031947672367 0.9993743896484375 0.03496401384472847 -0.3892916738986969 -0.01869179867208004 -0.034858886152505875 0.9992174506187439 0.5428217053413391
0.9998072385787964 -0.005458650179207325 0.01886015571653843 -0.32364368438720703 0.004779253154993057 0.9993445873260498 0.03588202968239784 -0.3989315629005432 -0.019043663516640663 -0.03578497841954231 0.9991780519485474 0.5551859140396118
0.9997909069061279 -0.006097831297665834 0.01951788179576397 -0.3284725546836853 0.005384920630604029 0.9993237853050232 0.03637244924902916 -0.40486690402030945 -0.019726475700736046 -0.03625974431633949 0.9991477131843567 0.5698827505111694
0.9997839331626892 -0.005942059680819511 0.01991896890103817 -0.3378065526485443 0.005187910050153732 0.9992756247520447 0.03770105540752411 -0.4148389399051666 -0.020128561183810234 -0.03758957237005234 0.9990904927253723 0.5821052193641663
0.9997702240943909 -0.0064299567602574825 0.020448505878448486 -0.3438686430454254 0.00565865496173501 0.9992784857749939 0.03755593299865723 -0.4215329587459564 -0.020675234496593475 -0.037431590259075165 0.9990853071212769 0.5999563336372375
0.9997525215148926 -0.006532873492687941 0.02126467600464821 -0.3517373204231262 0.005693236831575632 0.9992108941078186 0.039308879524469376 -0.43077969551086426 -0.02150469645857811 -0.03917808458209038 0.9990007877349854 0.6100817322731018
0.999750018119812 -0.0056344810873270035 0.02163625694811344 -0.36186960339546204 0.00477856770157814 0.9992117285728455 0.03940914198756218 -0.43967732787132263 -0.021841252222657204 -0.039295900613069534 0.9989888668060303 0.6315546631813049
