0.9999610185623169 -0.0055077956058084965 -0.006898056250065565 0.00483767781406641 0.005493041593581438 0.9999825954437256 -0.002156019676476717 -0.0009681638330221176 0.006909811403602362 0.0021180445328354836 0.9999738931655884 0.015139218419790268
0.999977707862854 -0.005757006350904703 -0.003382393391802907 -0.002138290787115693 0.005755085032433271 0.9999832510948181 -0.0005775736062787473 -0.0031042348127812147 0.00338566186837852 0.0005580947618000209 0.9999940991401672 0.0037901015020906925
0.9999859929084778 -0.005286790430545807 -0.0002678371674846858 -0.00784828420728445 0.005287114530801773 0.9999852776527405 0.0012250312138348818 -0.004452824126929045 0.0002613567339722067 -0.0012264300603419542 0.9999992251396179 -0.005281050223857164
0.9999849796295166 -0.004765927791595459 0.0027167259249836206 -0.01367062609642744 0.004758818075060844 0.9999852776527405 0.002617528662085533 -0.005722872447222471 -0.0027291609439998865 -0.0026045609265565872 0.9999929070472717 -0.014451393857598305
0.9999731183052063 -0.005108250305056572 0.005255847703665495 -0.01990879885852337 0.005087222903966904 0.9999790191650391 0.004006413277238607 -0.008818844333291054 -0.005276203621178865 -0.003979567904025316 0.9999781847000122 -0.02381659485399723
0.9999547600746155 -0.004139047581702471 0.008563901297748089 -0.02526901289820671 0.004090664442628622 0.9999756217002869 0.0056594982743263245 -0.01006872858852148 -0.008587117306888103 -0.005624210461974144 0.9999473094940186 -0.03217292204499245
0.9999318718910217 -0.0037258954253047705 0.011063404381275177 -0.031247830018401146 0.003648588201031089 0.9999688267707825 0.006999645382165909 -0.012039204128086567 -0.011089140549302101 -0.006958802230656147 0.999914288520813 -0.04199807718396187
0.9998935461044312 -0.003927369136363268 0.014053743332624435 -0.03784414380788803 0.003800959326326847 0.9999521970748901 0.009010188281536102 -0.014991889707744122 -0.014088457450270653 -0.008955812081694603 0.9998606443405151 -0.05101712793111801
0.999849259853363 -0.0034862628672271967 0.017007416114211082 -0.044270019978284836 0.00331246224232018 0.9999421238899231 0.010236585512757301 -0.016957011073827744 -0.017042120918631554 -0.010178705677390099 0.9998029470443726 -0.060621727257966995
0.9998032450675964 -0.003296705661341548 0.01956000365316868 -0.04954893887042999 0.0030752376187592745 0.9999309778213501 0.011341787874698639 -0.018699560314416885 -0.019596042111516 -0.011279404163360596 0.9997443556785583 -0.06933356076478958
0.9997288584709167 -0.003306651022285223 0.023048406466841698 -0.05644849315285683 0.0030024023726582527 0.9999080896377563 0.01322255190461874 -0.021633857861161232 -0.02309001050889492 -0.013149767182767391 0.9996469020843506 -0.07956771552562714
0.9996815919876099 -0.0023832658771425486 0.025119557976722717 -0.06274539232254028 0.002010913332924247 0.9998878836631775 0.014838067814707756 -0.023428110405802727 -0.02515210583806038 -0.014782831072807312 0.9995743036270142 -0.08784444630146027
0.9995967745780945 -0.002488082041963935 0.028285877779126167 -0.06840422004461288 0.002036342164501548 0.9998701214790344 0.01598810963332653 -0.025741765275597572 -0.02832198329269886 -0.015924064442515373 0.9994720220565796 -0.09654849022626877
0.9995140433311462 -0.0024872026406228542 0.031072823330760002 -0.07486794888973236 0.001925455522723496 0.999834418296814 0.018095264211297035 -0.028821075335144997 -0.031112683936953545 -0.01802664063870907 0.999353289604187 -0.10587899386882782
0.9994325637817383 -0.001881987089291215 0.03362995386123657 -0.08144060522317886 0.0012313330080360174 0.9998118877410889 0.019357699900865555 -0.031131040304899216 -0.033660054206848145 -0.019305307418107986 0.9992468953132629 -0.1145298108458519
0.9993274211883545 -0.0017821136862039566 0.03662684187293053 -0.08851534128189087 0.0010017927270382643 0.9997723698616028 0.021311942487955093 -0.03401902690529823 -0.03665648773312569 -0.02126091718673706 0.9991017580032349 -0.12379366904497147
0.9992203712463379 -0.0020887437276542187 0.03942488878965378 -0.0952930822968483 0.0011526918970048428 0.9997172355651855 0.02375047653913498 -0.03754332289099693 -0.0394633486866951 -0.023686513304710388 0.9989402294158936 -0.13278120756149292
0.9991306662559509 -0.0017982486169785261 0.04164993762969971 -0.10025502741336823 0.0007730349316261709 0.9996966123580933 0.024618050083518028 -0.03885342925786972 -0.041681572794914246 -0.024564450606703758 0.9988289475440979 -0.14027638733386993
0.9990339875221252 -0.0010257572866976261 0.04393260180950165 -0.10682788491249084 -0.0001366993528790772 0.9996501803398132 0.026448825374245644 -0.04103860259056091 -0.043944358825683594 -0.026429278776049614 0.9986843466758728 -0.1495685875415802
0.9988898634910583 -0.0018426347523927689 0.04707017168402672 -0.11373864114284515 0.0004997272044420242 0.9995929598808289 0.028525754809379578 -0.04528721049427986 -0.04710357263684273 -0.028470564633607864 0.998484194278717 -0.15909235179424286
0.9987829923629761 -0.0013116837944835424 0.049303486943244934 -0.11969184130430222 -0.00015621824422851205 0.9995571374893188 0.029757145792245865 -0.04702650010585785 -0.049320682883262634 -0.029728632420301437 0.9983404874801636 -0.16807760298252106
0.9986485242843628 -0.0011829457944259048 0.0519586056470871 -0.12716959416866302 -0.0004496074980124831 0.9995068907737732 0.031397346407175064 -0.05062223598361015 -0.05197012424468994 -0.03137827292084694 0.9981555342674255 -0.17730320990085602
0.9985164403915405 -0.0014732229756191373 0.05443063750863075 -0.1338653564453125 -0.00034676725044846535 0.9994415640830994 0.03341230750083923 -0.05449950695037842 -0.05444946512579918 -0.03338161110877991 0.9979583621025085 -0.18645937740802765
0.9983677268028259 -0.0006692101014778018 0.05710947513580322 -0.13977032899856567 -0.001338956761173904 0.9993822574615479 0.03511795401573181 -0.05632874742150307 -0.057097695767879486 -0.03513709455728531 0.9977501034736633 -0.19493864476680756
0.9982417225837708 -0.0007164010894484818 0.05926967412233353 -0.14636345207691193 -0.0014989175833761692 0.999302089214325 0.037324029952287674 -0.059561170637607574 -0.059255048632621765 -0.03734724596142769 0.99754399061203 -0.20423747599124908
0.9980698227882385 -0.0006619620835408568 0.06209838390350342 -0.1529715210199356 -0.0018143953057006001 0.999205470085144 0.03981310501694679 -0.06311481446027756 -0.06207539886236191 -0.0398489274084568 0.9972756505012512 -0.2128215879201889
0.9979379773139954 -0.0005760175990872085 0.06418266147375107 -0.15951286256313324 -0.0020534491632133722 0.9991613626480103 0.040894992649555206 -0.06650810688734055 -0.06415239721536636 -0.04094246029853821 0.9970998764038086 -0.22190739214420319
0.9977833032608032 -0.0004659869591705501 0.06654540449380875 -0.16616465151309967 -0.0024017742834985256 0.9990718364715576 0.04300830140709877 -0.07047662138938904 -0.06650368124246597 -0.04307279363274574 0.9968560338020325 -0.2318921834230423
0.9976130723953247 -0.0004746189806610346 0.06904979050159454 -0.17338603734970093 -0.002675197785720229 0.9989599585533142 0.045516978949308395 -0.07461554557085037 -0.06899957358837128 -0.045593056827783585 0.9965742826461792 -0.24137015640735626
0.9974409937858582 -0.0004153943154960871 0.0714930072426796 -0.18013082444667816 -0.002983489539474249 0.9988701939582825 0.04742812737822533 -0.07786877453327179 -0.07143194228410721 -0.04752006009221077 0.9963128566741943 -0.2502191364765167
0.9972531795501709 -0.0004740032600238919 0.07406692951917648 -0.1872004270553589 -0.0032145939767360687 0.9987603425979614 0.049673717468976974 -0.0827074944972992 -0.07399865239858627 -0.049775365740060806 0.9960153698921204 -0.2598491311073303
0.9970778822898865 -0.0005260884063318372 0.07639001309871674 -0.1936359703540802 -0.003437588457018137 0.998654305934906 0.05174660310149193 -0.08610653132200241 -0.07631443440914154 -0.05185798928141594 0.9957343339920044 -0.2683597505092621
0.996904730796814 -0.0005623522447422147 0.07861678302288055 -0.19971409440040588 -0.003685059491544962 0.9985411167144775 0.05387125909328461 -0.08986697345972061 -0.0785323828458786 -0.05399422347545624 0.9954482913017273 -0.2769104242324829
0.996735155582428 -0.0008597924606874585 0.08073627948760986 -0.2064066231250763 -0.0037017674185335636 0.9984051585197449 0.05633283033967018 -0.09366193413734436 -0.08065594732761383 -0.05644777789711952 0.9951423406600952 -0.2865089178085327
0.9965593814849854 -0.0007976166671141982 0.08287803828716278 -0.21305043995380402 -0.004049443174153566 0.9982908964157104 0.05829969048500061 -0.09778666496276855 -0.08278289437294006 -0.058434709906578064 0.9948529601097107 -0.29671984910964966
0.9963622093200684 -0.00046985805965960026 0.08521796017885208 -0.21999451518058777 -0.0046843839809298515 0.9981709122657776 0.060273002833127975 -0.1012372225522995 -0.08509040623903275 -0.060452934354543686 0.9945375919342041 -0.30532002449035645
0.9961851835250854 -0.0014194627292454243 0.08725278079509735 -0.22690269351005554 -0.004101990256458521 0.9980007410049438 0.06306923925876617 -0.10641273856163025 -0.08716785907745361 -0.06318655610084534 0.9941877126693726 -0.3148694932460785
0.9960026144981384 -0.0013196682557463646 0.08931445330381393 -0.23275960981845856 -0.0045430613681674 0.997848391532898 0.06540632247924805 -0.10922636091709137 -0.08920859545469284 -0.06555062532424927 0.9938535690307617 -0.32183805108070374
0.9958248138427734 -0.0021035093814134598 0.09126080572605133 -0.23856690526008606 -0.0039776964113116264 0.9977849721908569 0.06640242785215378 -0.11322019249200821 -0.09119834005832672 -0.06648819893598557 0.993610680103302 -0.33186936378479004
0.9956353902816772 -0.0011136136017739773 0.09332162886857986 -0.2459622621536255 -0.005418336484581232 0.9975525140762329 0.06971133500337601 -0.11790631711483002 -0.09317085891962051 -0.06991272419691086 0.9931925535202026 -0.34043243527412415
0.9954431653022766 -0.0012264943215996027 0.09534897655248642 -0.2524593472480774 -0.005631841719150543 0.9974156618118286 0.07162638008594513 -0.1218373030424118 -0.09519041329622269 -0.07183697819709778 0.992863655090332 -0.34825456142425537
0.9952805042266846 -0.0011405711993575096 0.09703302383422852 -0.25849825143814087 -0.0060576475225389 0.997250497341156 0.07385623455047607 -0.12520021200180054 -0.09685046970844269 -0.0740954577922821 0.9925370812416077 -0.35771164298057556
0.9951251745223999 -0.0010747532360255718 0.09861422330141068 -0.26454609632492065 -0.006475082132965326 0.9970709681510925 0.07620727270841599 -0.12951040267944336 -0.09840729087591171 -0.07647431641817093 0.9922034740447998 -0.3676970899105072
0.9949643611907959 -0.001009979285299778 0.10022421926259995 -0.2701791524887085 -0.006848795339465141 0.9969269633293152 0.0780368521809578 -0.13294966518878937 -0.09999503940343857 -0.07833030074834824 0.991899847984314 -0.3761809766292572
0.9947633147239685 -0.0016311039216816425 0.10219257324934006 -0.276734858751297 -0.006554897408932447 0.9967960119247437 0.07971664518117905 -0.1373956948518753 -0.10199517756700516 -0.07996905595064163 0.9915654063224792 -0.38467276096343994
0.994581401348114 -0.0010848331730812788 0.1039552390575409 -0.28261202573776245 -0.007557696662843227 0.9965452551841736 0.08270703256130219 -0.14110109210014343 -0.10368582606315613 -0.08304454386234283 0.9911371469497681 -0.39476925134658813
0.9944276213645935 -0.0006736475042998791 0.10541941970586777 -0.28848859667778015 -0.008243897929787636 0.9964205026626587 0.08413247019052505 -0.14449216425418854 -0.10509874671697617 -0.0845327153801918 0.9908624887466431 -0.40128499269485474
0.9942904710769653 -0.00019346922636032104 0.10670704394578934 -0.2934579849243164 -0.009095880202949047 0.9962050318717957 0.08656113594770432 -0.14776679873466492 -0.10631883889436722 -0.08703751116991043 0.990515410900116 -0.41151168942451477
0.9941133856773376 0.0011996440589427948 0.1083381399512291 -0.29973310232162476 -0.010874043218791485 0.9959944486618042 0.08875168859958649 -0.1516595482826233 -0.10779771953821182 -0.0894073098897934 0.9901444315910339 -0.41997990012168884
