0.9993987083435059 0.016116153448820114 -0.03069973550736904 0.09805561602115631 -0.01608499512076378 0.9998698234558105 0.0012616269523277879 -0.025063753128051758 0.030716070905327797 -0.0007670632330700755 0.9995278716087341 -0.01889692433178425
0.9996535778045654 0.012813600711524487 -0.022990453988313675 0.079305499792099 -0.012774144299328327 0.999916672706604 0.0018622716888785362 -0.028432732447981834 0.023012399673461914 -0.0015679432544857264 0.9997339248657227 -0.0208538006991148
0.9998285174369812 0.010129381902515888 -0.01550324261188507 0.0600656233727932 -0.010088988579809666 0.9999455213546753 0.002681522397324443 -0.031874097883701324 0.015529559925198555 -0.0025246504228562117 0.9998762011528015 -0.022672198712825775
0.9999503493309021 0.0073266527615487576 -0.006758222822099924 0.039682380855083466 -0.007300711702555418 0.9999659061431885 0.003855160204693675 -0.03567185997962952 0.006786237936466932 -0.0038056287448853254 0.9999697208404541 -0.023470910266041756
0.9999887347221375 0.004591846838593483 0.0011790733551606536 0.017933623865246773 -0.0045972056686878204 0.9999788999557495 0.00458353478461504 -0.039338625967502594 -0.001158001716248691 -0.004588903859257698 0.9999887943267822 -0.02263510227203369
0.9999575614929199 0.003426361596211791 0.008549227379262447 -0.003284268546849489 -0.0034763712901622057 0.9999768733978271 0.0058416035026311874 -0.04274442046880722 -0.008529013954102993 -0.005871076136827469 0.9999464154243469 -0.021335430443286896
0.9998677372932434 0.0008665560162626207 0.016241390258073807 -0.025422634556889534 -0.0009612639551050961 0.9999825954437256 0.005824374966323376 -0.04755541682243347 -0.016236059367656708 -0.005839216522872448 0.9998511075973511 -0.02252427116036415
0.9997225403785706 -0.0017729229293763638 0.023489415645599365 -0.045054610818624496 0.001604009885340929 0.9999727606773376 0.007207919377833605 -0.051438167691230774 -0.023501552641391754 -0.007168242242187262 0.9996981024742126 -0.021903932094573975
0.9994868636131287 -0.004350387025624514 0.03173486143350601 -0.06734047830104828 0.0041069877333939075 0.9999616742134094 0.0077309394255280495 -0.05649220198392868 -0.03176727890968323 -0.007596638053655624 0.9994664192199707 -0.02319245971739292
0.999199628829956 -0.007619250100106001 0.0392691045999527 -0.0876510888338089 0.007288087625056505 0.9999366998672485 0.008569423109292984 -0.06092432886362076 -0.039331912994384766 -0.00827636756002903 0.99919193983078 -0.022186603397130966
0.9988306164741516 -0.009277009405195713 0.04744870960712433 -0.11011845618486404 0.008804741315543652 0.9999096989631653 0.010152563452720642 -0.06484279036521912 -0.04753860831260681 -0.009722918272018433 0.9988220930099487 -0.021830573678016663
0.99842369556427 -0.011215321719646454 0.05499362200498581 -0.12973730266094208 0.010632582008838654 0.999884307384491 0.010877654887735844 -0.06961819529533386 -0.05510925501585007 -0.010275783948600292 0.9984274506568909 -0.021407322958111763
0.9979619383811951 -0.013303719460964203 0.06240945681929588 -0.1532086580991745 0.012585898861289024 0.9998502135276794 0.011880852282047272 -0.07448425889015198 -0.06255816668272018 -0.011071158573031425 0.9979799389839172 -0.022193841636180878
0.9974600672721863 -0.015564126893877983 0.06950665265321732 -0.17403753101825714 0.014737257733941078 0.9998145699501038 0.012393268756568432 -0.07962199300527573 -0.069686658680439 -0.011337452568113804 0.997504472732544 -0.022319531068205833
0.9968026280403137 -0.018557406961917877 0.07771825790405273 -0.19507795572280884 0.017487015575170517 0.9997429251670837 0.014430748298764229 -0.08343494683504105 -0.07796607911586761 -0.013025548309087753 0.9968709349632263 -0.021414892747998238
0.9961280822753906 -0.020071975886821747 0.08559148758649826 -0.21748460829257965 0.018838200718164444 0.999707043170929 0.015198188833892345 -0.08800756186246872 -0.08587146550416946 -0.01352695282548666 0.9962143898010254 -0.022007755935192108
0.9953569173812866 -0.022929590195417404 0.09348191320896149 -0.2383413314819336 0.021482687443494797 0.9996337890625 0.016455095261335373 -0.09335283935070038 -0.09382498264312744 -0.014370450749993324 0.9954850077629089 -0.02186795324087143
0.9946820139884949 -0.02405894361436367 0.10014413297176361 -0.26129069924354553 0.022392818704247475 0.9995920658111572 0.01772839017212391 -0.09766177833080292 -0.10052980482578278 -0.015391601249575615 0.9948149919509888 -0.022066276520490646
0.9938576221466064 -0.02655513398349285 0.10743319243192673 -0.2817173898220062 0.02472834475338459 0.9995266795158386 0.01830078847706318 -0.10317559540271759 -0.10786832123994827 -0.015531731769442558 0.9940438270568848 -0.022200874984264374
0.9929001331329346 -0.029022306203842163 0.11535587906837463 -0.3029642701148987 0.026935815811157227 0.9994449019432068 0.019605595618486404 -0.10843674093484879 -0.11586084961891174 -0.016359195113182068 0.9931307435035706 -0.022096367552876472
0.9919756054878235 -0.03080882877111435 0.12261812388896942 -0.32507479190826416 0.02841651439666748 0.9993710517883301 0.021211892366409302 -0.1130046471953392 -0.12319451570510864 -0.017557300627231598 0.9922271966934204 -0.021213792264461517
0.9909018278121948 -0.03354769945144653 0.13033847510814667 -0.34740760922431946 0.030888041481375694 0.9992724061012268 0.022374622523784637 -0.1184764951467514 -0.13099424540996552 -0.018145155161619186 0.9912170767784119 -0.021459363400936127
0.9898898005485535 -0.03509405255317688 0.13742835819721222 -0.36806944012641907 0.03214861452579498 0.9992045760154724 0.02359446883201599 -0.12295245379209518 -0.13814707100391388 -0.018937792629003525 0.9902306795120239 -0.021524108946323395
0.9887118339538574 -0.03705037385225296 0.14517632126808167 -0.3914766013622284 0.03386931121349335 0.9991302490234375 0.0243232324719429 -0.12907618284225464 -0.14595124125480652 -0.019131645560264587 0.9891067743301392 -0.02226065658032894
0.9875113368034363 -0.039674852043390274 0.1524706333875656 -0.41279298067092896 0.0360935740172863 0.9990052580833435 0.02618587017059326 -0.13336050510406494 -0.1533578783273697 -0.02035563439130783 0.9879610538482666 -0.021449033170938492
0.9863833785057068 -0.04087703675031662 0.1593012660741806 -0.43474555015563965 0.037028856575489044 0.9989479780197144 0.02705179527401924 -0.13871218264102936 -0.16023947298526764 -0.02078469842672348 0.9868593215942383 -0.02173074334859848
0.985027015209198 -0.042942166328430176 0.16696634888648987 -0.45669618248939514 0.038730688393116 0.9988459944725037 0.028399955481290817 -0.14396899938583374 -0.1679932177066803 -0.021508000791072845 0.985553503036499 -0.022080909460783005
0.9836193323135376 -0.04531874507665634 0.1744684875011444 -0.47866567969322205 0.040636368095874786 0.9987139105796814 0.03031918779015541 -0.14879290759563446 -0.17561814188957214 -0.022732771933078766 0.98419588804245 -0.021280083805322647
0.9823013544082642 -0.047283876687288284 0.18124081194400787 -0.499327152967453 0.042405616492033005 0.9986287355422974 0.03069915808737278 -0.1542387753725052 -0.18244384229183197 -0.022470196709036827 0.9829594492912292 -0.02214037999510765
0.9810795783996582 -0.048527792096138 0.18742451071739197 -0.5211939215660095 0.043314747512340546 0.9985548257827759 0.031812526285648346 -0.15907396376132965 -0.1886974573135376 -0.023092376068234444 0.9817637205123901 -0.02232469618320465
0.9795774221420288 -0.05040527135133743 0.19464683532714844 -0.5435534715652466 0.04478763788938522 0.9984461069107056 0.03315742313861847 -0.16435810923576355 -0.19601568579673767 -0.023762492462992668 0.9803128242492676 -0.022687647491693497
0.977998673915863 -0.0532575286924839 0.20169827342033386 -0.5640550255775452 0.047234442085027695 0.998285710811615 0.034561559557914734 -0.16936016082763672 -0.20319315791130066 -0.024274054914712906 0.9788377285003662 -0.02242162451148033
0.9764450788497925 -0.054509472101926804 0.2087670862674713 -0.5877065658569336 0.048013363033533096 0.998195469379425 0.03606266900897026 -0.17433151602745056 -0.21035611629486084 -0.025189604610204697 0.977300226688385 -0.021323002874851227
0.9749960899353027 -0.055471815168857574 0.21518710255622864 -0.6108753085136414 0.04869525879621506 0.998140275478363 0.0366702675819397 -0.1795312464237213 -0.2168210744857788 -0.02527477592229843 0.9758841395378113 -0.022084005177021027
0.973174512386322 -0.05787450447678566 0.22266992926597595 -0.6321374773979187 0.050435278564691544 0.9979672431945801 0.0389568991959095 -0.18420545756816864 -0.22447189688682556 -0.02668144181370735 0.9741151928901672 -0.020726971328258514
0.9714652299880981 -0.05984227731823921 0.2295086532831192 -0.6547725200653076 0.05211503431200981 0.997856080532074 0.03958908095955849 -0.18990352749824524 -0.23138569295406342 -0.026498565450310707 0.9725011587142944 -0.02064836025238037
0.9698131680488586 -0.06142570450901985 0.23598577082157135 -0.675538957118988 0.0532258041203022 0.9977417588233948 0.040968157351017 -0.19439569115638733 -0.23796935379505157 -0.027170926332473755 0.9708925485610962 -0.02000432461500168
0.9679456353187561 -0.06351950019598007 0.24299480020999908 -0.6979689598083496 0.05489293113350868 0.9976036548614502 0.042115747928619385 -0.19961495697498322 -0.245087668299675 -0.027427056804299355 0.9691128730773926 -0.019899338483810425
0.9662663340568542 -0.06483292579650879 0.2492510825395584 -0.7203548550605774 0.05576193332672119 0.9975051283836365 0.043290890753269196 -0.20416037738323212 -0.25143590569496155 -0.027931809425354004 0.9674708247184753 -0.018694333732128143
0.9643044471740723 -0.06705188751220703 0.2561658024787903 -0.7415317296981812 0.05748964473605156 0.997347354888916 0.04464491456747055 -0.20933927595615387 -0.2584798336029053 -0.028324410319328308 0.9656013250350952 -0.017316482961177826
0.9624943733215332 -0.06822866201400757 0.26258227229118347 -0.7629066705703735 0.05814926698803902 0.997248649597168 0.0459764264523983 -0.21350884437561035 -0.264996737241745 -0.028983082622289658 0.9638136029243469 -0.015906922519207
0.9605860114097595 -0.06989473104476929 0.2690524458885193 -0.7857235670089722 0.05923064425587654 0.9971106052398682 0.04756190627813339 -0.21828719973564148 -0.27159935235977173 -0.02975115366280079 0.961950421333313 -0.014582991600036621
0.9586576819419861 -0.07139254361391068 0.2754606306552887 -0.8066835403442383 0.060405321419239044 0.9970105886459351 0.04817782714962959 -0.22346827387809753 -0.2780766785144806 -0.02954675629734993 0.9601043462753296 -0.013460308313369751
0.9567064642906189 -0.07309778034687042 0.2817259132862091 -0.8295866847038269 0.06167280673980713 0.9968819618225098 0.04922192543745041 -0.22826853394508362 -0.28444549441337585 -0.02971610426902771 0.9582315683364868 -0.013017706573009491
0.9545105695724487 -0.07545648515224457 0.2884717583656311 -0.8482553958892822 0.06354300677776337 0.9967027902603149 0.05045628920197487 -0.23283779621124268 -0.2913278341293335 -0.029830697923898697 0.9561580419540405 -0.011669710278511047
0.9526892900466919 -0.07640364021062851 0.2941863536834717 -0.872633159160614 0.0639432892203331 0.9966104030609131 0.05175827443599701 -0.23734880983829498 -0.29714369773864746 -0.030498310923576355 0.9543455839157104 -0.010025128722190857
0.9507040977478027 -0.07837879657745361 0.3000308871269226 -0.8918858766555786 0.06544242799282074 0.9964509010314941 0.052942000329494476 -0.24174554646015167 -0.3031156063079834 -0.030697422102093697 0.9524592161178589 -0.008554846048355103
0.9484222531318665 -0.08011006563901901 0.30672070384025574 -0.9147621989250183 0.06677991896867752 0.9963200688362122 0.05372868478298187 -0.24708865582942963 -0.30989620089530945 -0.030474692583084106 0.9502818584442139 -0.0070456862449646
0.9464519023895264 -0.08088735491037369 0.3125477135181427 -0.9356095194816589 0.0669381394982338 0.9962332248687744 0.05512421205639839 -0.2503281235694885 -0.31582924723625183 -0.031251054257154465 0.9483012557029724 -0.0055150240659713745
0.9442023038864136 -0.08279059827327728 0.31879112124443054 -0.9578956961631775 0.06838880479335785 0.996078610420227 0.05612789839506149 -0.25519561767578125 -0.3221878707408905 -0.03119434416294098 0.946161687374115 -0.003791138529777527
0.9418107271194458 -0.08461107313632965 0.32532060146331787 -0.9805451035499573 0.06967464089393616 0.9959219098091125 0.057314854115247726 -0.2600899040699005 -0.3288434147834778 -0.03131314739584923 0.943865180015564 -0.0014887601137161255
0.9396892189979553 -0.08599794656038284 0.3310416042804718 -1.0006554126739502 0.07054180651903152 0.995794951915741 0.05844870209693909 -0.26373013854026794 -0.334676057100296 -0.031571343541145325 0.9418042302131653 8.55177640914917e-05
0.937541127204895 -0.08657542616128922 0.3369293212890625 -1.0219646692276 0.07060829550027847 0.9957349300384521 0.05938335135579109 -0.2671969532966614 -0.34063345193862915 -0.0318843238055706 0.9396553635597229 0.0020813196897506714
0.9353036284446716 -0.08794207870960236 0.34274372458457947 -1.0425920486450195 0.07160905003547668 0.9956236481666565 0.060047801584005356 -0.27156510949134827 -0.34652450680732727 -0.031619373708963394 0.9375078678131104 0.003977671265602112
0.9330911636352539 -0.0890800803899765 0.3484330177307129 -1.0651665925979614 0.07218345999717712 0.995511531829834 0.0612068772315979 -0.27576693892478943 -0.3523213863372803 -0.03196050226688385 0.9353331923484802 0.0068931132555007935
0.9307007193565369 -0.09101533889770508 0.35427725315093994 -1.0856714248657227 0.07354886829853058 0.9953319430351257 0.062489185482263565 -0.27971193194389343 -0.3583109378814697 -0.032102037221193314 0.9330502152442932 0.009474977850914001
0.9284412264823914 -0.09245319664478302 0.3597905933856964 -1.1058677434921265 0.07464322447776794 0.9952108860015869 0.06311608850955963 -0.2841375768184662 -0.3639027774333954 -0.03174365311861038 0.9308958649635315 0.011674582958221436
0.9260392189025879 -0.09307721257209778 0.3657704293727875 -1.1283916234970093 0.07462042570114136 0.9951361417770386 0.06431098282337189 -0.28737595677375793 -0.36997726559638977 -0.03226054832339287 0.9284805059432983 0.014566600322723389
0.9236890077590942 -0.09389851242303848 0.37145882844924927 -1.1498441696166992 0.07506788522005081 0.9950662851333618 0.06486821174621582 -0.2915373146533966 -0.3757171630859375 -0.03203342854976654 0.9261806011199951 0.01615823805332184
0.9212929010391235 -0.09565464407205582 0.3769211769104004 -1.1693649291992188 0.0762408897280693 0.9948939681053162 0.066130630671978 -0.29523611068725586 -0.38132232427597046 -0.03218887746334076 0.9238815903663635 0.01978914439678192
0.9189817905426025 -0.09680487215518951 0.3822319805622101 -1.1898224353790283 0.07689739763736725 0.9947812557220459 0.0670597180724144 -0.299144446849823 -0.3867289125919342 -0.032234013080596924 0.9216299057006836 0.022377371788024902
0.9166654348373413 -0.09746365994215012 0.38758906722068787 -1.2109088897705078 0.07727573066949844 0.9947305917739868 0.06737571954727173 -0.3034891188144684 -0.39211341738700867 -0.031809769570827484 0.919366717338562 0.02500668168067932
0.9140416979789734 -0.09898044914007187 0.3933582305908203 -1.231170892715454 0.0780525729060173 0.9945660829544067 0.06889215111732483 -0.3071175813674927 -0.39803969860076904 -0.032267674803733826 0.9168004989624023 0.029050558805465698
0.9117151498794556 -0.10010115057229996 0.39844104647636414 -1.251164197921753 0.07859501987695694 0.994446337223053 0.06999517977237701 -0.30977103114128113 -0.4032348096370697 -0.03250018507242203 0.914519190788269 0.031110286712646484
0.9095549583435059 -0.10087069869041443 0.40315619111061096 -1.2708674669265747 0.0790826827287674 0.994380533695221 0.07037922739982605 -0.31388339400291443 -0.40798988938331604 -0.03213110566139221 0.9124208688735962 0.034222036600112915
0.9070620536804199 -0.10162249952554703 0.4085477590560913 -1.2924524545669556 0.07924351841211319 0.9942960739135742 0.07138469815254211 -0.31709930300712585 -0.41347169876098633 -0.03237559646368027 0.9099411964416504 0.03786379098892212
0.9047952890396118 -0.10281949490308762 0.41324761509895325 -1.310441017150879 0.08005093783140182 0.99418044090271 0.07209096103906631 -0.32096680998802185 -0.4182550609111786 -0.032146699726581573 0.9077606201171875 0.040656477212905884
0.902092695236206 -0.10413259267807007 0.41879013180732727 -1.3296788930892944 0.08073499798774719 0.9940394759178162 0.07326211780309677 -0.32421475648880005 -0.42392292618751526 -0.03227820247411728 0.9051228761672974 0.04487791657447815
0.899466872215271 -0.10525891929864883 0.42412251234054565 -1.3507368564605713 0.08130418509244919 0.9939202666282654 0.07424400746822357 -0.32806241512298584 -0.4293587803840637 -0.03229708597064018 0.902556300163269 0.04789629578590393
0.8971957564353943 -0.10629435628652573 0.42865052819252014 -1.3701552152633667 0.08190860599279404 0.9938138723373413 0.07499989867210388 -0.3315020799636841 -0.4339708983898163 -0.03217942640185356 0.9003520011901855 0.05061119794845581
0.8945678472518921 -0.10764069110155106 0.43377628922462463 -1.3895817995071411 0.08283623307943344 0.9936802387237549 0.0757482573390007 -0.33615702390670776 -0.43918851017951965 -0.03182956576347351 0.8978309035301208 0.054313331842422485
0.8920606970787048 -0.10836302489042282 0.4387313425540924 -1.410422921180725 0.08288998156785965 0.9935895204544067 0.07687045633792877 -0.3396517038345337 -0.444248765707016 -0.03220667690038681 0.8953243494033813 0.05869418382644653
0.8899071216583252 -0.10880998522043228 0.4429737329483032 -1.429062843322754 0.08295326679944992 0.9935430288314819 0.07740120589733124 -0.3426015079021454 -0.4485355019569397 -0.032133765518665314 0.8931871652603149 0.060554295778274536
0.8871981501579285 -0.11041081696748734 0.4479832053184509 -1.4466521739959717 0.08404573053121567 0.9933742880821228 0.07838252186775208 -0.3470354378223419 -0.4536692500114441 -0.03188974782824516 0.8905993700027466 0.06562557816505432
0.8845580816268921 -0.11130226403474808 0.45295557379722595 -1.4664617776870728 0.08452943712472916 0.9932843446731567 0.07900024205446243 -0.35073336958885193 -0.4587065875530243 -0.031592220067977905 0.8880259990692139 0.06923937797546387
0.8824669122695923 -0.11217977106571198 0.45680177211761475 -1.4858424663543701 0.08475470542907715 0.9931716322898865 0.0801672413945198 -0.35373222827911377 -0.46267569065093994 -0.032028838992118835 0.8859488368034363 0.07220429182052612
0.879672646522522 -0.11324072629213333 0.4619010388851166 -1.506579041481018 0.08522536605596542 0.9930514693260193 0.08115038275718689 -0.357637494802475 -0.46788105368614197 -0.03202008455991745 0.8832111954689026 0.07632112503051758
0.8770720958709717 -0.11431440711021423 0.46655842661857605 -1.5229130983352661 0.08605977892875671 0.9929503202438354 0.08150724321603775 -0.361633837223053 -0.4725867807865143 -0.03133580833673477 0.8807268738746643 0.07894718647003174
0.8748494386672974 -0.11500769853591919 0.47054407000541687 -1.5427628755569458 0.08606883883476257 0.9928553700447083 0.08264632523059845 -0.3644483983516693 -0.47668716311454773 -0.031803905963897705 0.8784974813461304 0.08230632543563843
0.8723641633987427 -0.11603821814060211 0.47488507628440857 -1.5611604452133179 0.08668960630893707 0.9927443265914917 0.08332830667495728 -0.3683325946331024 -0.48110875487327576 -0.03152502700686455 0.8760939240455627 0.08658525347709656
0.8696002960205078 -0.1169930249452591 0.47969570755958557 -1.579355239868164 0.08724561333656311 0.9926444292068481 0.08393584936857224 -0.37251386046409607 -0.4859871566295624 -0.031139297410845757 0.8734110593795776 0.09043249487876892
0.8674174547195435 -0.11757363379001617 0.4834907650947571 -1.597104787826538 0.08715225756168365 0.9925612211227417 0.08501016348600388 -0.375455766916275 -0.48988914489746094 -0.031601980328559875 0.8712117671966553 0.09467297792434692
0.8649663925170898 -0.11871402710676193 0.48758599162101746 -1.6161636114120483 0.08782189339399338 0.992431104183197 0.08583614230155945 -0.3789539933204651 -0.4940854609012604 -0.03142464905977249 0.8688452243804932 0.09772571921348572
0.8626810312271118 -0.11915925145149231 0.49151045083999634 -1.6337343454360962 0.08781923353672028 0.9923780560493469 0.08644993603229523 -0.38191112875938416 -0.4980654716491699 -0.03141465783119202 0.8665701746940613 0.10179555416107178
0.8597118854522705 -0.12074112147092819 0.49630340933799744 -1.6524277925491333 0.08881408721208572 0.9921943545341492 0.08753542602062225 -0.3863731920719147 -0.5029985308647156 -0.031176520511507988 0.8637247681617737 0.10592305660247803
0.8576836585998535 -0.12102589011192322 0.4997313618659973 -1.6715433597564697 0.08866725862026215 0.9921571612358093 0.08810383081436157 -0.38928329944610596 -0.5064749121665955 -0.03125540539622307 0.8616880178451538 0.10820242762565613
0.8550594449043274 -0.12210462987422943 0.5039482116699219 -1.6901189088821411 0.08912302553653717 0.9920231699943542 0.08914636075496674 -0.3931483030319214 -0.5108134746551514 -0.03131204470992088 0.8591211438179016 0.11200359463691711
0.8522195816040039 -0.12352585047483444 0.5083926916122437 -1.7074148654937744 0.09022199362516403 0.9918686747550964 0.08975830674171448 -0.39787182211875916 -0.5153462886810303 -0.030625587329268456 0.8564346432685852 0.11502394080162048
0.8499460816383362 -0.12418188154697418 0.5120258927345276 -1.7259467840194702 0.09030213952064514 0.9917812943458557 0.09063860028982162 -0.4013623893260956 -0.5190734267234802 -0.03080088458955288 0.8541744947433472 0.11933308839797974
0.847317636013031 -0.1252659410238266 0.5161020159721375 -1.7435678243637085 0.09079458564519882 0.9916457533836365 0.09162449091672897 -0.4049528241157532 -0.5232678055763245 -0.030775779858231544 0.851612389087677 0.12355506420135498
0.844918429851532 -0.12616956233978271 0.5198019742965698 -1.7607454061508179 0.09138568490743637 0.9915446043014526 0.0921299085021019 -0.409328818321228 -0.5270308256149292 -0.030339805409312248 0.8493044376373291 0.12539201974868774
0.8418623208999634 -0.12757936120033264 0.5243961215019226 -1.7792880535125732 0.09225241094827652 0.9913748502731323 0.093088299036026 -0.4137284755706787 -0.5317493081092834 -0.029990728944540024 0.8463706374168396 0.12909874320030212
0.8391813039779663 -0.12851102650165558 0.5284502506256104 -1.8001042604446411 0.09263210743665695 0.9912573099136353 0.09395844489336014 -0.4184013605117798 -0.5359048843383789 -0.02989671379327774 0.8437488675117493 0.1329803168773651
0.8374572992324829 -0.12891437113285065 0.5310803651809692 -1.8134937286376953 0.09238338470458984 0.9911887049674988 0.09492222964763641 -0.42088231444358826 -0.5386377573013306 -0.030430316925048828 0.8419877886772156 0.13587844371795654
0.8345985412597656 -0.1300499141216278 0.535287082195282 -1.8328977823257446 0.0932975634932518 0.9910652041435242 0.09531696140766144 -0.42457810044288635 -0.5429003834724426 -0.029610417783260345 0.8392749428749084 0.13903018832206726
0.8329213857650757 -0.1307615041732788 0.5377205610275269 -1.8471812009811401 0.09320740401744843 0.9909495115280151 0.09659963846206665 -0.42843374609947205 -0.5454853773117065 -0.030340373516082764 0.8375709652900696 0.14264479279518127
0.830074667930603 -0.1320153772830963 0.5418006777763367 -1.8606481552124023 0.09407463669776917 0.9907999634742737 0.09729014337062836 -0.43279191851615906 -0.5496599078178406 -0.029788386076688766 0.8348572850227356 0.14575859904289246
