0.5200920104980469 0.4466190040111542 0.7280349731445312 0.6482200026512146 -0.0004560000088531524 0.8525360226631165 -0.5226690173149109 -0.4648300111293793 -0.8541100025177002 0.2715040147304535 0.44360101222991943 0.39589500427246094
0.5206040143966675 0.4458650052547455 0.7281320095062256 0.646386981010437 -0.0009110000100918114 0.8531050086021423 -0.5217390060424805 -0.4620879888534546 -0.853797972202301 0.27095600962638855 0.4445349872112274 0.3964810073375702
0.5211150050163269 0.4451099932193756 0.728227972984314 0.6445490121841431 -0.0013650000328198075 0.8536720275878906 -0.52080899477005 -0.45934799313545227 -0.8534849882125854 0.2704069912433624 0.4454689919948578 0.39706099033355713
0.5216280221939087 0.4443570077419281 0.7283210158348083 0.6427080035209656 -0.0018189999973401427 0.8542389869689941 -0.5198779702186584 -0.4566110074520111 -0.8531709909439087 0.2698580026626587 0.44640299677848816 0.39763501286506653
0.5221409797668457 0.4436030089855194 0.7284119725227356 0.640861988067627 -0.002271000063046813 0.8548030257225037 -0.5189470052719116 -0.4538770020008087 -0.8528559803962708 0.26930901408195496 0.44733598828315735 0.39820200204849243
0.5226550102233887 0.4428499937057495 0.7285019755363464 0.6390129923820496 -0.002724000019952655 0.8553670048713684 -0.51801598072052 -0.4511460065841675 -0.8525400161743164 0.26875901222229004 0.44826799631118774 0.3987630009651184
0.523169994354248 0.442097008228302 0.7285900115966797 0.637158989906311 -0.00317499996162951 0.8559290170669556 -0.517084002494812 -0.448417991399765 -0.8522229790687561 0.2682090103626251 0.44920000433921814 0.3993169963359833
0.5236849784851074 0.4413439929485321 0.7286760210990906 0.6353020071983337 -0.003625999903306365 0.8564890027046204 -0.516152024269104 -0.4456929862499237 -0.8519039750099182 0.2676590085029602 0.45013099908828735 0.39986398816108704
0.524200975894928 0.4405919909477234 0.7287610173225403 0.6334409713745117 -0.004075999837368727 0.8570489883422852 -0.5152199864387512 -0.44297000765800476 -0.8515849709510803 0.2671079933643341 0.4510610103607178 0.40040600299835205
0.5247179865837097 0.4398390054702759 0.7288429737091064 0.6315760016441345 -0.004525000229477882 0.8576059937477112 -0.514286994934082 -0.4402509927749634 -0.8512639999389648 0.2665570080280304 0.4519909918308258 0.4009400010108948
0.5252349972724915 0.43908700346946716 0.7289239764213562 0.6297069787979126 -0.004972999915480614 0.8581629991531372 -0.5133540034294128 -0.43753400444984436 -0.8509430289268494 0.2660059928894043 0.4529210031032562 0.40146899223327637
0.5257530212402344 0.43833601474761963 0.7290030121803284 0.6278349757194519 -0.005421000067144632 0.8587179780006409 -0.5124199986457825 -0.4348199963569641 -0.8506199717521667 0.2654539942741394 0.45385000109672546 0.40199100971221924
0.5262719988822937 0.4375840127468109 0.7290800213813782 0.6259580254554749 -0.005867999978363514 0.8592709898948669 -0.5114870071411133 -0.432108998298645 -0.8502960205078125 0.2649019956588745 0.4547779858112335 0.4025059938430786
0.526790976524353 0.436832994222641 0.7291560173034668 0.6240779757499695 -0.0063149998895823956 0.8598229885101318 -0.5105530023574829 -0.4294010102748871 -0.8499709963798523 0.2643499970436096 0.45570600032806396 0.40301498770713806
0.5273110270500183 0.43608200550079346 0.7292289733886719 0.6221939921379089 -0.00675999978557229 0.8603739738464355 -0.5096179842948914 -0.4266960024833679 -0.8496450185775757 0.26379698514938354 0.4566330015659332 0.4035170078277588
0.5278319716453552 0.43533098697662354 0.7293009757995605 0.6203060150146484 -0.007205000147223473 0.8609229922294617 -0.508683979511261 -0.4239940047264099 -0.8493180274963379 0.26324498653411865 0.4575589895248413 0.4040130078792572
0.5283529758453369 0.4345810115337372 0.7293710112571716 0.6184139847755432 -0.0076489998027682304 0.8614709973335266 -0.5077490210533142 -0.4212949872016907 -0.8489900231361389 0.2626909911632538 0.4584850072860718 0.4045029878616333
0.5288749933242798 0.43383100628852844 0.7294399738311768 0.6165189743041992 -0.008093000389635563 0.8620179891586304 -0.5068129897117615 -0.418599009513855 -0.8486610054969788 0.2621380090713501 0.45941099524497986 0.4049859941005707
0.5293980240821838 0.4330810010433197 0.7295060157775879 0.6146199703216553 -0.008535999804735184 0.8625630140304565 -0.5058779716491699 -0.41590601205825806 -0.8483309745788574 0.26158401370048523 0.46033498644828796 0.40546301007270813
0.5299209952354431 0.43233200907707214 0.7295709848403931 0.6127169728279114 -0.008977999910712242 0.8631070256233215 -0.504941999912262 -0.4132159948348999 -0.8479999899864197 0.2610290050506592 0.46125999093055725 0.4059329926967621
0.5304449796676636 0.4315820038318634 0.7296329736709595 0.6108099818229675 -0.009418999776244164 0.8636490106582642 -0.504006028175354 -0.4105289876461029 -0.8476669788360596 0.2604750096797943 0.46218299865722656 0.4063970148563385
0.5309690237045288 0.43083301186561584 0.7296940088272095 0.6088989973068237 -0.009859000332653522 0.8641899824142456 -0.5030689835548401 -0.40784400701522827 -0.8473340272903442 0.25992000102996826 0.4631060063838959 0.4068540036678314
0.5314949750900269 0.4300850033760071 0.7297539710998535 0.6069849729537964 -0.010298999957740307 0.8647289872169495 -0.502131998538971 -0.4051629900932312 -0.8469989895820618 0.2593649923801422 0.4640290141105652 0.4073050022125244
0.5320209860801697 0.4293360114097595 0.7298110127449036 0.6050670146942139 -0.010738000273704529 0.8652679920196533 -0.5011950135231018 -0.4024850130081177 -0.8466629981994629 0.25880900025367737 0.4649510085582733 0.4077489972114563
0.5325469970703125 0.42858800292015076 0.7298669815063477 0.6031460165977478 -0.011176000349223614 0.8658040165901184 -0.5002580285072327 -0.39980998635292053 -0.846327006816864 0.2582539916038513 0.46587198972702026 0.40818700194358826
0.5330740213394165 0.4278410077095032 0.7299209833145142 0.6012210249900818 -0.011614000424742699 0.8663399815559387 -0.49932000041007996 -0.39713799953460693 -0.8459889888763428 0.2576969861984253 0.4667919874191284 0.4086189866065979
0.5336019992828369 0.4270929992198944 0.7299730181694031 0.599291980266571 -0.012051000259816647 0.8668739795684814 -0.49838200211524963 -0.3944689929485321 -0.8456500172615051 0.25714099407196045 0.46771299839019775 0.4090439975261688
0.5341309905052185 0.4263460040092468 0.7300230264663696 0.5973590016365051 -0.012486999854445457 0.8674060106277466 -0.4974440038204193 -0.39180299639701843 -0.8453099727630615 0.2565839886665344 0.4686320126056671 0.40946200489997864
0.5346599817276001 0.42559900879859924 0.7300710082054138 0.5954229831695557 -0.012922000139951706 0.8679370284080505 -0.4965049922466278 -0.3891400098800659 -0.8449689745903015 0.2560270130634308 0.4695509970188141 0.40987399220466614
0.5351889729499817 0.42485299706459045 0.7301179766654968 0.5934839844703674 -0.013357000425457954 0.8684669733047485 -0.4955669939517975 -0.3864800035953522 -0.8446260094642639 0.25547000765800476 0.47046899795532227 0.4102799892425537
0.5357199907302856 0.42410600185394287 0.7301629781723022 0.5915399789810181 -0.013790999539196491 0.8689960241317749 -0.4946269989013672 -0.3838230073451996 -0.8442829847335815 0.25491198897361755 0.47138699889183044 0.41067901253700256
0.5362510085105896 0.4233599901199341 0.7302060127258301 0.5895929932594299 -0.01422400027513504 0.8695229887962341 -0.4936879873275757 -0.38117000460624695 -0.8439390063285828 0.25435400009155273 0.47230398654937744 0.4110719859600067
0.5367820262908936 0.4226149916648865 0.7302470207214355 0.587643027305603 -0.014655999839305878 0.8700479865074158 -0.4927479922771454 -0.3785189986228943 -0.8435930013656616 0.2537960112094879 0.4732210040092468 0.41145798563957214
0.5373150110244751 0.42186999320983887 0.7302870154380798 0.5856890082359314 -0.01508800033479929 0.8705729842185974 -0.49180901050567627 -0.3758719861507416 -0.8432469964027405 0.2532379925251007 0.47413599491119385 0.41183799505233765
0.5378479957580566 0.42112499475479126 0.7303249835968018 0.5837309956550598 -0.015518000349402428 0.8710960149765015 -0.4908680021762848 -0.3732280135154724 -0.8428990244865417 0.2526789903640747 0.47505199909210205 0.41221100091934204
0.5383809804916382 0.42037999629974365 0.7303609848022461 0.5817700028419495 -0.01594799943268299 0.8716170191764832 -0.4899280071258545 -0.37058600783348083 -0.8425509929656982 0.2521199882030487 0.4759660065174103 0.4125779867172241
0.5389149785041809 0.4196360111236572 0.7303950190544128 0.5798050165176392 -0.016378000378608704 0.8721370100975037 -0.488986998796463 -0.3679479956626892 -0.8422009944915771 0.2515600025653839 0.4768809974193573 0.41293901205062866
0.5394499897956848 0.4188919961452484 0.7304270267486572 0.5778369903564453 -0.016806000843644142 0.872655987739563 -0.48804599046707153 -0.36531299352645874 -0.8418499827384949 0.2510010004043579 0.47779399156570435 0.4132930040359497
0.5399850010871887 0.418148010969162 0.7304580211639404 0.5758649706840515 -0.01723399944603443 0.8731729984283447 -0.48710501194000244 -0.3626820147037506 -0.8414980173110962 0.2504410147666931 0.4787069857120514 0.41363999247550964
0.5405210256576538 0.41740500926971436 0.7304859757423401 0.573889970779419 -0.017660999670624733 0.8736889958381653 -0.48616400361061096 -0.36005300283432007 -0.8411449790000916 0.24988000094890594 0.47961899638175964 0.41398099064826965
0.5410569906234741 0.4166620075702667 0.7305129766464233 0.5719119906425476 -0.018086999654769897 0.8742039799690247 -0.4852220118045807 -0.35742801427841187 -0.8407909870147705 0.24932000041007996 0.4805310070514679 0.41431599855422974
0.5415949821472168 0.4159190058708191 0.730538010597229 0.5699290037155151 -0.018512999638915062 0.8747169971466064 -0.484279990196228 -0.35480600595474243 -0.8404359817504883 0.24875900149345398 0.48144200444221497 0.4146440029144287
0.5421320199966431 0.41517698764801025 0.7305619716644287 0.5679439902305603 -0.01893799938261509 0.875229001045227 -0.48333799839019775 -0.35218700766563416 -0.8400800228118896 0.248198002576828 0.48235198855400085 0.41496598720550537
0.5426710247993469 0.4144349992275238 0.7305830121040344 0.5659549832344055 -0.01936200074851513 0.8757389783859253 -0.4823960065841675 -0.34957098960876465 -0.8397219777107239 0.24763700366020203 0.48326200246810913 0.4152809977531433
0.5432100296020508 0.41369399428367615 0.7306029796600342 0.5639619827270508 -0.019785000011324883 0.8762490153312683 -0.481453001499176 -0.3469580113887787 -0.8393639922142029 0.24707500636577606 0.4841710031032562 0.41558998823165894
0.5437489748001099 0.4129520058631897 0.7306209802627563 0.5619670152664185 -0.020207000896334648 0.8767560124397278 -0.48050999641418457 -0.3443489968776703 -0.8390049934387207 0.2465129941701889 0.4850800037384033 0.41589298844337463
0.5442889928817749 0.4122120141983032 0.7306370139122009 0.5599669814109802 -0.020628999918699265 0.8772630095481873 -0.4795669913291931 -0.34174299240112305 -0.8386440277099609 0.24595099687576294 0.48598799109458923 0.4161889851093292
0.5448300242424011 0.41147100925445557 0.7306519746780396 0.5579649806022644 -0.021050000563263893 0.8777679800987244 -0.47862398624420166 -0.33913999795913696 -0.8382819890975952 0.245388001203537 0.48689499497413635 0.4164780080318451
0.5453709959983826 0.4107309877872467 0.7306640148162842 0.5559589862823486 -0.021469999104738235 0.8782709836959839 -0.4776799976825714 -0.33654099702835083 -0.8379200100898743 0.24482600390911102 0.48780199885368347 0.41676199436187744
