0.025980999693274498 0.40866899490356445 -0.9123129844665527 -0.7334870100021362 -0.0011990000493824482 0.9126330018043518 0.40877899527549744 0.3275879919528961 0.9996619820594788 -0.00952600035816431 0.02420100010931492 0.019213000312447548
0.027194000780582428 0.41095298528671265 -0.9112510085105896 -0.7307299971580505 -0.0024049999192357063 0.9116119742393494 0.41104400157928467 0.32748401165008545 0.9996269941329956 -0.008987000212073326 0.0257789995521307 0.020181000232696533
0.028402000665664673 0.41323599219322205 -0.9101809859275818 -0.7279769778251648 -0.0036170000676065683 0.9105849862098694 0.4133070111274719 0.32736900448799133 0.9995899796485901 -0.008446999825537205 0.02735700085759163 0.021139999851584435
0.029603000730276108 0.41551899909973145 -0.9091029763221741 -0.7252280116081238 -0.0048340000212192535 0.9095500111579895 0.41556599736213684 0.327241986989975 0.9995499849319458 -0.007907000370323658 0.028934000059962273 0.022089000791311264
0.030798999592661858 0.41780099272727966 -0.9080169796943665 -0.7224829792976379 -0.006058000028133392 0.9085090160369873 0.417822003364563 0.32710400223731995 0.9995070099830627 -0.007368000224232674 0.030511999502778053 0.023029999807476997
0.0319879986345768 0.4200820028781891 -0.9069219827651978 -0.7197420001029968 -0.007288000080734491 0.9074609875679016 0.4200739860534668 0.3269540071487427 0.9994620084762573 -0.006827999837696552 0.03209000080823898 0.023962000384926796
0.03317200019955635 0.42236199975013733 -0.9058200120925903 -0.7170050144195557 -0.008523999713361263 0.906404972076416 0.42232298851013184 0.32679298520088196 0.999413013458252 -0.006287999916821718 0.03366699814796448 0.024884000420570374
0.034348998218774796 0.42464199662208557 -0.9047099947929382 -0.7142729759216309 -0.009765000082552433 0.9053429961204529 0.4245679974555969 0.3266200125217438 0.9993619918823242 -0.005748999770730734 0.03524399921298027 0.025797000154852867
0.03551999852061272 0.426921010017395 -0.903590977191925 -0.7115439772605896 -0.011013000272214413 0.9042739868164062 0.42680999636650085 0.32643699645996094 0.9993079900741577 -0.0052089998498559 0.03682199865579605 0.026701999828219414
0.036685001105070114 0.4291990101337433 -0.9024649858474731 -0.7088199853897095 -0.012267000041902065 0.9031980037689209 0.42904898524284363 0.32624098658561707 0.9992520213127136 -0.004668999928981066 0.038398999720811844 0.02759700082242489
0.03784399852156639 0.43147599697113037 -0.9013299942016602 -0.7061010003089905 -0.013526000082492828 0.902114987373352 0.43128401041030884 0.3260349929332733 0.9991919994354248 -0.004129999782890081 0.03997600078582764 0.02848299965262413
0.038996998220682144 0.43375200033187866 -0.9001880288124084 -0.7033860087394714 -0.014791999943554401 0.9010249972343445 0.4335150122642517 0.3258169889450073 0.9991300106048584 -0.003590000094845891 0.04155300185084343 0.029360000044107437
0.040143001824617386 0.43602800369262695 -0.8990370035171509 -0.7006760239601135 -0.01606299914419651 0.8999279737472534 0.4357430040836334 0.3255870044231415 0.9990649819374084 -0.0030509999487549067 0.043129999190568924 0.03022800013422966
0.04128300026059151 0.43830299377441406 -0.8978790044784546 -0.6979699730873108 -0.017340000718832016 0.8988239765167236 0.4379670023918152 0.32534700632095337 0.9989969730377197 -0.0025110000278800726 0.04470599815249443 0.031085999682545662
0.042417000979185104 0.4405759871006012 -0.8967130184173584 -0.695268988609314 -0.018623000010848045 0.8977130055427551 0.440187007188797 0.325094997882843 0.9989259839057922 -0.001972000114619732 0.04628299921751022 0.031936001032590866
0.04354399815201759 0.4428490102291107 -0.8955379724502563 -0.6925719976425171 -0.019912000745534897 0.8965950012207031 0.44240400195121765 0.3248319923877716 0.9988530278205872 -0.0014329999685287476 0.04785899817943573 0.03277700021862984
0.04466500133275986 0.44512099027633667 -0.8943560123443604 -0.6898810267448425 -0.021206000819802284 0.8954700231552124 0.4446159899234772 0.32455798983573914 0.9987769722938538 -0.0008929999894462526 0.04943599924445152 0.033608000725507736
0.045779999345541 0.44739198684692383 -0.8931660056114197 -0.6871939897537231 -0.022506000474095345 0.8943380117416382 0.4468249976634979 0.3242729902267456 0.9986979961395264 -0.0003539999888744205 0.05101199820637703 0.03443099930882454
0.04688800126314163 0.4496619999408722 -0.8919669985771179 -0.6845120191574097 -0.023811999708414078 0.8931990265846252 0.4490309953689575 0.3239760100841522 0.9986159801483154 0.0001849999971454963 0.052588000893592834 0.03524399921298027
0.04799000173807144 0.4519299864768982 -0.8907610177993774 -0.6818360090255737 -0.025124000385403633 0.8920530080795288 0.451231986284256 0.3236689865589142 0.9985319972038269 0.0007239999831654131 0.05416399985551834 0.03604799881577492
0.04908600077033043 0.4541980028152466 -0.8895469903945923 -0.6791639924049377 -0.026441000401973724 0.8909000158309937 0.4534299969673157 0.3233500123023987 0.9984449744224548 0.0012629999546334147 0.05573999881744385 0.03684300184249878
0.05017499998211861 0.4564650058746338 -0.8883259892463684 -0.6764979958534241 -0.02776399999856949 0.889739990234375 0.45562300086021423 0.3230209946632385 0.9983540177345276 0.0018019999843090773 0.057314999401569366 0.03762900084257126
0.051256999373435974 0.458730012178421 -0.8870959877967834 -0.6738359928131104 -0.029092000797390938 0.8885719776153564 0.45781299471855164 0.3226799964904785 0.9982619881629944 0.002340999897569418 0.05889099836349487 0.038405999541282654
0.05233300104737282 0.46099498867988586 -0.8858579993247986 -0.671180009841919 -0.03042599931359291 0.8873980045318604 0.4599989950656891 0.32232901453971863 0.998166024684906 0.0028800000436604023 0.06046599894762039 0.039174001663923264
0.05340199917554855 0.4632579982280731 -0.8846129775047302 -0.6685289740562439 -0.03176499903202057 0.8862169981002808 0.4621799886226654 0.3219659924507141 0.9980679750442505 0.003418999956920743 0.06204099953174591 0.03993299975991249
0.05446400120854378 0.4655199944972992 -0.8833600282669067 -0.6658840179443359 -0.03311000019311905 0.8850280046463013 0.46435800194740295 0.3215929865837097 0.997967004776001 0.003957000095397234 0.06361600011587143 0.040681999176740646
0.05552000179886818 0.4677810072898865 -0.8820989727973938 -0.6632440090179443 -0.03446099907159805 0.8838329911231995 0.46653199195861816 0.32120901346206665 0.9978629946708679 0.004495999775826931 0.06519100069999695 0.041423000395298004
0.05657000094652176 0.4700410068035126 -0.8808299899101257 -0.6606090068817139 -0.03581700101494789 0.8826299905776978 0.46870100498199463 0.32081401348114014 0.9977560043334961 0.005034000147134066 0.06676500290632248 0.04215399920940399
0.05761199817061424 0.4722990095615387 -0.8795539736747742 -0.6579800248146057 -0.03717799857258797 0.8814210295677185 0.47086700797080994 0.3204079866409302 0.9976469874382019 0.005572000052779913 0.068340003490448 0.04287699982523918
0.0586480014026165 0.47455599904060364 -0.8782690167427063 -0.6553570032119751 -0.03854500129818916 0.8802040219306946 0.4730280041694641 0.31999099254608154 0.9975339770317078 0.00610999995842576 0.06991399824619293 0.0435900017619133
0.05967700108885765 0.4768120050430298 -0.8769770264625549 -0.6527389883995056 -0.0399169996380806 0.8789799809455872 0.47518500685691833 0.31956401467323303 0.997418999671936 0.006647999864071608 0.07148800045251846 0.044293999671936035
0.06069999933242798 0.47906601428985596 -0.8756769895553589 -0.6501269936561584 -0.041294001042842865 0.8777490258216858 0.4773379862308502 0.3191260099411011 0.9973019957542419 0.007185999769717455 0.073062002658844 0.044989001005887985
0.06171499937772751 0.48131999373435974 -0.8743699789047241 -0.6475210189819336 -0.04267700016498566 0.8765109777450562 0.47948598861694336 0.31867700815200806 0.9971809983253479 0.0077240001410245895 0.07463599741458893 0.04567499831318855
0.06272400170564651 0.48357099294662476 -0.8730549812316895 -0.6449210047721863 -0.044064998626708984 0.8752660155296326 0.48162999749183655 0.3182179927825928 0.9970579743385315 0.008262000046670437 0.07620900124311447 0.046351999044418335
0.06372600048780441 0.48582199215888977 -0.8717319965362549 -0.6423259973526001 -0.045458998531103134 0.8740140199661255 0.4837700128555298 0.3177480101585388 0.9969320297241211 0.008798999711871147 0.07778199762105942 0.04701999947428703
0.0647210031747818 0.4880709946155548 -0.8704010248184204 -0.6397380232810974 -0.04685699939727783 0.8727539777755737 0.4859060049057007 0.3172670006752014 0.9968029856681824 0.009336000308394432 0.07935500144958496 0.04767899960279465
0.06570900231599808 0.4903180003166199 -0.8690630197525024 -0.6371549963951111 -0.04826100170612335 0.8714879751205444 0.48803699016571045 0.31677600741386414 0.9966710209846497 0.009872999973595142 0.08092799782752991 0.04832800105214119
0.06668999791145325 0.49256399273872375 -0.8677170276641846 -0.6345790028572083 -0.04966999962925911 0.8702139854431152 0.49016401171684265 0.3162739872932434 0.9965370297431946 0.010409999638795853 0.08250100165605545 0.048969000577926636
0.06766500324010849 0.49480798840522766 -0.8663640022277832 -0.6320090293884277 -0.0510840006172657 0.8689330220222473 0.49228599667549133 0.3157620131969452 0.9963989853858948 0.010947000235319138 0.08407299965620041 0.049600999802351
0.06863199919462204 0.4970510005950928 -0.8650029897689819 -0.6294450163841248 -0.05250300094485283 0.8676450252532959 0.49440398812294006 0.3152399957180023 0.9962599873542786 0.011483999900519848 0.08564499765634537 0.05022300034761429
0.06959199905395508 0.4992929995059967 -0.8636339902877808 -0.6268870234489441 -0.05392799898982048 0.866349995136261 0.49651700258255005 0.3147070109844208 0.9961169958114624 0.012020000256597996 0.08721700310707092 0.050836000591516495
0.0705450028181076 0.5015320181846619 -0.8622580170631409 -0.6243360042572021 -0.05535700172185898 0.8650479912757874 0.4986259937286377 0.31416401267051697 0.9959710240364075 0.012555999681353569 0.0887880027294159 0.051440998911857605
0.07149200141429901 0.5037699937820435 -0.8608739972114563 -0.6217910051345825 -0.0567919984459877 0.8637380003929138 0.5007299780845642 0.3136099874973297 0.9958230257034302 0.013092000037431717 0.09036000072956085 0.05203599855303764
0.07243099808692932 0.5060070157051086 -0.859483003616333 -0.6192520260810852 -0.05823099985718727 0.862421989440918 0.5028300285339355 0.31304699182510376 0.9956719875335693 0.013628000393509865 0.09193100035190582 0.052622001618146896
0.07336299866437912 0.5082420110702515 -0.8580840229988098 -0.6167200207710266 -0.05967500060796738 0.8610979914665222 0.504925012588501 0.31247299909591675 0.9955180287361145 0.014163999818265438 0.0935019999742508 0.05319900065660477
0.07428699731826782 0.5104749798774719 -0.8566780090332031 -0.6141939759254456 -0.061124999076128006 0.8597670197486877 0.5070149898529053 0.3118880093097687 0.9953619837760925 0.014698999933898449 0.09507299959659576 0.05376699939370155
0.075204998254776 0.5127059817314148 -0.8552640080451965 -0.6116750240325928 -0.06257899850606918 0.8584290146827698 0.5091009736061096 0.31129398941993713 0.9952030181884766 0.01523400004953146 0.09664300084114075 0.054326001554727554
0.07611600309610367 0.5149359703063965 -0.8538429737091064 -0.6091629862785339 -0.0640380010008812 0.8570839762687683 0.5111820101737976 0.3106899857521057 0.9950399994850159 0.015768999233841896 0.09821300208568573 0.05487599968910217
0.07701899856328964 0.5171639919281006 -0.8524140119552612 -0.6066579818725586 -0.06550200283527374 0.8557310104370117 0.5132579803466797 0.3100750148296356 0.9948760271072388 0.016303999349474907 0.09978300333023071 0.055417001247406006
0.0779149979352951 0.5193899869918823 -0.8509780168533325 -0.6041589975357056 -0.06697099655866623 0.8543710112571716 0.5153290033340454 0.3094500005245209 0.9947080016136169 0.016838999465107918 0.10135199874639511 0.05594800040125847
0.07880400121212006 0.5216140151023865 -0.8495339751243591 -0.6016669869422913 -0.06844399869441986 0.853003978729248 0.5173959732055664 0.30881598591804504 0.9945380091667175 0.01737299934029579 0.1029219999909401 0.056471001356840134
0.07968500256538391 0.5238369703292847 -0.8480830192565918 -0.5991820096969604 -0.06992299854755402 0.8516299724578857 0.519457995891571 0.30817100405693054 0.9943649768829346 0.017906999215483665 0.10449100285768509 0.056984998285770416
0.08055999875068665 0.5260570049285889 -0.8466249704360962 -0.5967040061950684 -0.07140599936246872 0.8502489924430847 0.5215150117874146 0.30751699209213257 0.9941890239715576 0.01844099909067154 0.1060589998960495 0.057489000260829926
0.08142600208520889 0.5282760262489319 -0.8451589941978455 -0.594232976436615 -0.07289399951696396 0.8488609790802002 0.5235670208930969 0.3068529963493347 0.9940099716186523 0.018975000828504562 0.1076280027627945 0.05798500031232834
0.08228600025177002 0.5304930210113525 -0.8436859846115112 -0.5917689800262451 -0.07438600063323975 0.8474649786949158 0.5256140232086182 0.3061780035495758 0.9938290119171143 0.0195080004632473 0.1091959998011589 0.05847100168466568
0.08313799649477005 0.5327079892158508 -0.8422060012817383 -0.5893120169639587 -0.07588300108909607 0.8460620045661926 0.5276560187339783 0.3054940104484558 0.9936450123786926 0.020041000097990036 0.11076399683952332 0.05894799903035164
0.08398299664258957 0.5349199771881104 -0.8407179713249207 -0.5868620276451111 -0.07738500088453293 0.844651997089386 0.5296930074691772 0.30480098724365234 0.9934579730033875 0.020573999732732773 0.11233100295066833 0.0594169981777668
0.08482000231742859 0.5371310114860535 -0.8392230272293091 -0.5844200253486633 -0.07889100164175034 0.8432350158691406 0.5317249894142151 0.3040969967842102 0.9932680130004883 0.021105999127030373 0.11389800161123276 0.05987599864602089
0.0856499969959259 0.5393400192260742 -0.8377209901809692 -0.5819849967956543 -0.08040200173854828 0.8418099880218506 0.5337520241737366 0.303384006023407 0.9930760264396667 0.02163900062441826 0.11546500027179718 0.060325998812913895
0.0864730030298233 0.5415470004081726 -0.8362110257148743 -0.5795570015907288 -0.08191700279712677 0.8403779864311218 0.5357739925384521 0.3026619851589203 0.9928810000419617 0.02217100001871586 0.1170319989323616 0.0607680007815361
0.08728700131177902 0.5437510013580322 -0.8346949815750122 -0.5771359801292419 -0.0834370031952858 0.8389390110969543 0.5377910137176514 0.3019289970397949 0.9926829934120178 0.02270199917256832 0.11859799921512604 0.06120000034570694
0.08809500187635422 0.5459539890289307 -0.833171010017395 -0.5747230052947998 -0.08496200293302536 0.8374930024147034 0.5398030281066895 0.30118700861930847 0.9924820065498352 0.02323400042951107 0.12016399949789047 0.06162299960851669
0.08889500051736832 0.5481539964675903 -0.8316400051116943 -0.5723180174827576 -0.08648999780416489 0.8360390067100525 0.5418090224266052 0.30043599009513855 0.9922789931297302 0.023764999583363533 0.12172999978065491 0.06203699856996536
0.08968699723482132 0.5503529906272888 -0.8301010131835938 -0.569920003414154 -0.08802299946546555 0.8345789909362793 0.543811023235321 0.29967498779296875 0.9920729994773865 0.024296000599861145 0.12329500168561935 0.062442000955343246
0.09047199785709381 0.5525490045547485 -0.8285560011863708 -0.567529022693634 -0.08956100046634674 0.8331109881401062 0.5458070039749146 0.29890498518943787 0.991864025592804 0.02482599951326847 0.1248600035905838 0.06283800303936005
0.0912489965558052 0.5547419786453247 -0.827003002166748 -0.5651469826698303 -0.09110300242900848 0.8316360116004944 0.5477979779243469 0.2981260120868683 0.9916520118713379 0.025356000289320946 0.12642399966716766 0.06322500109672546
0.0920180007815361 0.5569339990615845 -0.8254439830780029 -0.5627719759941101 -0.09264899790287018 0.8301529884338379 0.5497829914093018 0.29733699560165405 0.9914379715919495 0.02588599920272827 0.1279889941215515 0.0636029988527298
0.09278000146150589 0.5591229796409607 -0.8238769769668579 -0.5604040026664734 -0.09419900178909302 0.8286640048027039 0.5517640113830566 0.2965390086174011 0.991221010684967 0.026415999978780746 0.12955200672149658 0.06397199630737305
0.09353400021791458 0.5613099932670593 -0.8223029971122742 -0.5580450296401978 -0.0957539975643158 0.8271669745445251 0.5537390112876892 0.2957319915294647 0.9910010099411011 0.026945000514388084 0.13111600279808044 0.06433200091123581
0.09428100287914276 0.5634949803352356 -0.8207219839096069 -0.5556929707527161 -0.09731200337409973 0.8256629705429077 0.5557079911231995 0.29491499066352844 0.9907780289649963 0.027473999187350273 0.13267900049686432 0.06468400359153748
0.09501899778842926 0.5656769871711731 -0.819133996963501 -0.5533499717712402 -0.0988750010728836 0.8241509795188904 0.5576729774475098 0.2940889894962311 0.9905530214309692 0.028001999482512474 0.1342419981956482 0.06502600014209747
0.09574999660253525 0.567857027053833 -0.8175389766693115 -0.5510140061378479 -0.10044199973344803 0.8226320147514343 0.5596309900283813 0.2932550013065338 0.9903249740600586 0.028531000018119812 0.13580399751663208 0.06535899639129639
0.09647399932146072 0.5700349807739258 -0.8159369826316833 -0.5486860275268555 -0.102012999355793 0.8211069703102112 0.561585009098053 0.2924109995365143 0.990094006061554 0.029058000072836876 0.13736599683761597 0.06568299978971481
0.09718900173902512 0.5722100138664246 -0.8143280148506165 -0.5463669896125793 -0.1035889983177185 0.8195729851722717 0.5635319948196411 0.29155799746513367 0.9898599982261658 0.029586000367999077 0.13892799615859985 0.06599800288677216
