-0.9341080188751221 0.2151149958372116 0.2849000096321106 0.2707509994506836 0.00011999999696854502 0.7982500195503235 -0.6023269891738892 -0.574537992477417 -0.3569909930229187 -0.5626040101051331 -0.7456769943237305 -0.7131310105323792
-0.9350519776344299 0.21429699659347534 0.28240901231765747 0.26645898818969727 0.00024300000222865492 0.7970029711723328 -0.6039760112762451 -0.5741919875144958 -0.35451099276542664 -0.5646799802780151 -0.745290994644165 -0.7122380137443542
-0.9359899759292603 0.21346700191497803 0.27991899847984314 0.26217401027679443 0.0003659999929368496 0.7957550287246704 -0.6056190133094788 -0.573835015296936 -0.3520269989967346 -0.5667510032653809 -0.7448970079421997 -0.7113339900970459
-0.936922013759613 0.21262499690055847 0.27743101119995117 0.2578969895839691 0.0004920000210404396 0.7945060133934021 -0.6072559952735901 -0.5734670162200928 -0.34953901171684265 -0.5688149929046631 -0.7444949746131897 -0.7104210257530212
-0.9378479719161987 0.21177299320697784 0.274944007396698 0.2536279857158661 0.0006179999909363687 0.7932569980621338 -0.6088870167732239 -0.5730879902839661 -0.34704700112342834 -0.5708730220794678 -0.7440850138664246 -0.7094969749450684
-0.9387670159339905 0.21090799570083618 0.2724590003490448 0.24936600029468536 0.0007469999836757779 0.7920060157775879 -0.6105120182037354 -0.5726979970932007 -0.34455201029777527 -0.5729249715805054 -0.7436670064926147 -0.7085620164871216
-0.9396799802780151 0.21003299951553345 0.2699759900569916 0.24511100351810455 0.0008769999840296805 0.7907559871673584 -0.6121309995651245 -0.572297990322113 -0.34205201268196106 -0.5749710202217102 -0.7432420253753662 -0.707617998123169
-0.9405879974365234 0.20914599299430847 0.26749399304389954 0.24086399376392365 0.0010079999919980764 0.7895039916038513 -0.6137449741363525 -0.5718860030174255 -0.3395499885082245 -0.577010989189148 -0.742808997631073 -0.7066630125045776
-0.9414889812469482 0.20824700593948364 0.26501399278640747 0.23662500083446503 0.0011419999646022916 0.7882519960403442 -0.6153519749641418 -0.5714640021324158 -0.33704298734664917 -0.579043984413147 -0.7423679828643799 -0.7056980133056641
-0.9423829913139343 0.20733800530433655 0.2625350058078766 0.2323939949274063 0.0012760000536218286 0.786998987197876 -0.6169530153274536 -0.5710319876670837 -0.3345330059528351 -0.5810710191726685 -0.7419189810752869 -0.7047230005264282
-0.9432719945907593 0.2064169943332672 0.2600589990615845 0.2281699925661087 0.0014120000414550304 0.7857450246810913 -0.6185479760169983 -0.570589005947113 -0.33201900124549866 -0.5830919742584229 -0.7414630055427551 -0.7037379741668701
-0.9441540241241455 0.205485001206398 0.25758400559425354 0.2239540070295334 0.001550000044517219 0.7844910025596619 -0.6201379895210266 -0.5701349973678589 -0.3295010030269623 -0.5851060152053833 -0.7409989833831787 -0.7027419805526733
-0.9450299739837646 0.20454099774360657 0.2551119923591614 0.2197449952363968 0.001689000055193901 0.7832369804382324 -0.6217210292816162 -0.5696700215339661 -0.32697999477386475 -0.5871139764785767 -0.7405269742012024 -0.7017369866371155
-0.9458990097045898 0.20358699560165405 0.2526409924030304 0.21554499864578247 0.0018289999570697546 0.7819820046424866 -0.6232990026473999 -0.5691949725151062 -0.32445600628852844 -0.5891150236129761 -0.7400479912757874 -0.700721025466919
-0.9467620253562927 0.2026209980249405 0.2501719892024994 0.21135200560092926 0.0019710001070052385 0.7807260155677795 -0.6248700022697449 -0.5687100291252136 -0.3219279944896698 -0.5911099910736084 -0.7395610213279724 -0.6996960043907166
-0.9476190209388733 0.20164400339126587 0.24770499765872955 0.20716699957847595 0.0021150000393390656 0.7794700264930725 -0.6264359951019287 -0.5682139992713928 -0.3193959891796112 -0.5930989980697632 -0.739067018032074 -0.6986610293388367
-0.9484689831733704 0.200655996799469 0.24524100124835968 0.20298999547958374 0.0022589999716728926 0.7782139778137207 -0.6279950141906738 -0.5677080154418945 -0.31686100363731384 -0.5950800180435181 -0.7385650277137756 -0.6976159811019897
-0.9493129849433899 0.19965599477291107 0.2427780032157898 0.19882099330425262 0.0024049999192357063 0.7769569754600525 -0.6295490264892578 -0.5671910047531128 -0.31432199478149414 -0.5970550179481506 -0.7380560040473938 -0.6965609788894653
-0.9501510262489319 0.19864599406719208 0.24031800031661987 0.1946599930524826 0.0025530001148581505 0.7756999731063843 -0.6310970187187195 -0.5666639804840088 -0.31178000569343567 -0.5990239977836609 -0.7375389933586121 -0.6954960227012634
-0.9509819746017456 0.19762499630451202 0.23785999417304993 0.19050699472427368 0.0027020000852644444 0.7744420170783997 -0.6326389908790588 -0.5661270022392273 -0.30923399329185486 -0.6009860038757324 -0.7370150089263916 -0.6944209933280945
-0.9518070220947266 0.19659200310707092 0.23540399968624115 0.18636099994182587 0.0028520000632852316 0.7731850147247314 -0.6341750025749207 -0.5655789971351624 -0.3066850006580353 -0.6029409766197205 -0.7364829778671265 -0.6933370232582092
-0.9526249766349792 0.19554899632930756 0.23295100033283234 0.18222400546073914 0.0030040000565350056 0.7719259858131409 -0.6357049942016602 -0.5650209784507751 -0.30413201451301575 -0.6048889756202698 -0.7359439730644226 -0.6922429800033569
-0.9534369707107544 0.19449399411678314 0.2304989993572235 0.1780949980020523 0.003157000057399273 0.7706680297851562 -0.6372290253639221 -0.5644530057907104 -0.30157598853111267 -0.6068300008773804 -0.7353969812393188 -0.6911389827728271
-0.9542419910430908 0.19342899322509766 0.22805100679397583 0.17397400736808777 0.0033110000658780336 0.7694100141525269 -0.638746976852417 -0.5638750195503235 -0.29901599884033203 -0.6087639927864075 -0.7348440289497375 -0.6900259852409363
-0.9550409913063049 0.19235199689865112 0.22560399770736694 0.16986100375652313 0.0034660000819712877 0.7681509852409363 -0.6402590274810791 -0.5632870197296143 -0.2964540123939514 -0.610692024230957 -0.7342820167541504 -0.6889029741287231
-0.9558330178260803 0.19126500189304352 0.2231599986553192 0.16575700044631958 0.0036230001132935286 0.7668920159339905 -0.6417660117149353 -0.5626879930496216 -0.2938869893550873 -0.6126130223274231 -0.7337139844894409 -0.6877700090408325
-0.9566190242767334 0.19016699492931366 0.22071899473667145 0.16166000068187714 0.003780999919399619 0.7656329870223999 -0.6432660222053528 -0.5620790123939514 -0.29131799936294556 -0.6145259737968445 -0.7331380248069763 -0.686627984046936
-0.957397997379303 0.18905800580978394 0.21828000247478485 0.15757200121879578 0.00394000019878149 0.7643740177154541 -0.6447610259056091 -0.5614609718322754 -0.2887449860572815 -0.6164330244064331 -0.7325549721717834 -0.6854770183563232
-0.9581699967384338 0.18793800473213196 0.21584400534629822 0.1534920036792755 0.004100999794900417 0.7631149888038635 -0.6462500095367432 -0.5608320236206055 -0.28616899251937866 -0.618332028388977 -0.7319650053977966 -0.6843159794807434
-0.9589359760284424 0.1868080049753189 0.21341100335121155 0.14941999316215515 0.004263000097125769 0.7618560194969177 -0.6477329730987549 -0.5601940155029297 -0.2835899889469147 -0.6202250123023987 -0.7313669919967651 -0.6831459999084473
-0.9596959948539734 0.1856669932603836 0.21097999811172485 0.14535599946975708 0.00442600017413497 0.760595977306366 -0.6492099761962891 -0.5595449805259705 -0.28100699186325073 -0.6221100091934204 -0.7307630181312561 -0.6819660067558289
-0.9604480266571045 0.18451499938964844 0.20855200290679932 0.1413010060787201 0.0045900000259280205 0.7593370079994202 -0.6506810188293457 -0.5588870048522949 -0.278421014547348 -0.6239879727363586 -0.7301509976387024 -0.6807770133018494
-0.9611939787864685 0.18335199356079102 0.20612600445747375 0.137253999710083 0.004755000118166208 0.7580779790878296 -0.6521469950675964 -0.5582190155982971 -0.27583199739456177 -0.6258590221405029 -0.72953200340271 -0.6795780062675476
-0.9619330167770386 0.18217800557613373 0.20370399951934814 0.133215993642807 0.004920999985188246 0.7568190097808838 -0.6536059975624084 -0.557541012763977 -0.27324000000953674 -0.627722978591919 -0.728905975818634 -0.678371012210846
-0.9626659750938416 0.18099400401115417 0.2012840062379837 0.1291860044002533 0.00508899986743927 0.7555599808692932 -0.6550599932670593 -0.5568529963493347 -0.27064400911331177 -0.6295790076255798 -0.7282729744911194 -0.677154004573822
-0.9633920192718506 0.17980000376701355 0.19886699318885803 0.1251640021800995 0.005257999990135431 0.7543010115623474 -0.6565080285072327 -0.5561550259590149 -0.26804500818252563 -0.6314290165901184 -0.727632999420166 -0.675927996635437
-0.9641109704971313 0.17859399318695068 0.1964530050754547 0.12115100026130676 0.005427999887615442 0.7530419826507568 -0.6579499840736389 -0.5554479956626892 -0.2654440104961395 -0.6332700252532959 -0.7269859910011292 -0.6746929883956909
-0.9648240208625793 0.17737899720668793 0.19404199719429016 0.11714600026607513 0.00559900002554059 0.7517840266227722 -0.6593859791755676 -0.554731011390686 -0.2628389894962311 -0.6351050138473511 -0.7263320088386536 -0.6734480261802673
-0.9655290246009827 0.17615200579166412 0.19163399934768677 0.11315000057220459 0.005770999938249588 0.7505260109901428 -0.6608160138130188 -0.5540050268173218 -0.26023098826408386 -0.6369320154190063 -0.7256709933280945 -0.6721950173377991
-0.9662280082702637 0.17491500079631805 0.18922999501228333 0.10916200280189514 0.005944000091403723 0.7492669820785522 -0.6622409820556641 -0.5532680153846741 -0.2576200067996979 -0.6387509703636169 -0.7250030040740967 -0.6709319949150085
-0.966920018196106 0.1736679971218109 0.18682800233364105 0.10518299788236618 0.006118000019341707 0.748009979724884 -0.6636599898338318 -0.5525230169296265 -0.25500500202178955 -0.6405630111694336 -0.7243279814720154 -0.6696609854698181
-0.9676060080528259 0.1724099963903427 0.18442900478839874 0.1012130007147789 0.006293000187724829 0.7467520236968994 -0.6650729775428772 -0.5517680048942566 -0.25238800048828125 -0.6423670053482056 -0.7236459851264954 -0.6683800220489502
-0.968284010887146 0.17114199697971344 0.18203400075435638 0.09725099802017212 0.0064690001308918 0.7454950213432312 -0.6664800047874451 -0.5510029792785645 -0.24976800382137299 -0.6441640257835388 -0.7229580283164978 -0.6670910120010376
-0.9689559936523438 0.1698639988899231 0.179640993475914 0.09329699724912643 0.006645999848842621 0.744238018989563 -0.6678810119628906 -0.550229012966156 -0.24714499711990356 -0.6459540128707886 -0.722262978553772 -0.6657919883728027
-0.9696210026741028 0.1685750037431717 0.17725199460983276 0.08935300260782242 0.006823999807238579 0.7429819703102112 -0.669277012348175 -0.5494449734687805 -0.24451899528503418 -0.6477349996566772 -0.7215610146522522 -0.664484977722168
-0.9702789783477783 0.16727599501609802 0.17486700415611267 0.0854170024394989 0.007003000006079674 0.7417250275611877 -0.6706669926643372 -0.5486519932746887 -0.24188999831676483 -0.6495090126991272 -0.7208520174026489 -0.6631690263748169
-0.9709299802780151 0.1659660041332245 0.17248399555683136 0.08148899674415588 0.0071840002201497555 0.7404699921607971 -0.6720510125160217 -0.5478500127792358 -0.23925699293613434 -0.6512749791145325 -0.7201359868049622 -0.66184401512146
-0.9715740084648132 0.16464699804782867 0.1701049953699112 0.07757099717855453 0.00736499996855855 0.7392150163650513 -0.6734300255775452 -0.5470389723777771 -0.23662200570106506 -0.653033971786499 -0.7194139957427979 -0.6605100035667419
-0.9722110033035278 0.1633169949054718 0.16773000359535217 0.07366099953651428 0.007546000182628632 0.7379599809646606 -0.6748020052909851 -0.5462179780006409 -0.23398500680923462 -0.6547849774360657 -0.71868497133255 -0.659168004989624
-0.9728410243988037 0.16197699308395386 0.16535800695419312 0.06975899636745453 0.007728999946266413 0.736706018447876 -0.6761689782142639 -0.5453879833221436 -0.23134399950504303 -0.6565269827842712 -0.7179499864578247 -0.6578159928321838
-0.9734650254249573 0.16062699258327484 0.16298900544643402 0.06586699932813644 0.007912999950349331 0.7354519963264465 -0.6775310039520264 -0.5445489883422852 -0.22869999706745148 -0.6582620143890381 -0.7172080278396606 -0.6564570069313049
-0.9740809798240662 0.15926599502563477 0.16062399744987488 0.061983998864889145 0.008097999729216099 0.7341989874839783 -0.6788859963417053 -0.5437009930610657 -0.22605399787425995 -0.6599900126457214 -0.7164589762687683 -0.6550880074501038
-0.9746909737586975 0.1578959971666336 0.15826299786567688 0.05810900032520294 0.008283000439405441 0.73294597864151 -0.6802359819412231 -0.5428429841995239 -0.22340400516986847 -0.6617090106010437 -0.7157040238380432 -0.6537110209465027
-0.975292980670929 0.15651600062847137 0.15590499341487885 0.054242998361587524 0.008469000458717346 0.7316939830780029 -0.6815800070762634 -0.5419769883155823 -0.22075200080871582 -0.6634200215339661 -0.7149419784545898 -0.6523249745368958
-0.9758890271186829 0.15512500703334808 0.15354999899864197 0.05038600042462349 0.008655999787151814 0.730443000793457 -0.6829190254211426 -0.5411009788513184 -0.2180979996919632 -0.6651229858398438 -0.7141739726066589 -0.6509310007095337
-0.9764770269393921 0.15372499823570251 0.15119999647140503 0.04653799906373024 0.008844000287353992 0.7291929721832275 -0.6842510104179382 -0.5402169823646545 -0.21544000506401062 -0.6668189764022827 -0.7133989930152893 -0.6495280265808105
-0.9770579934120178 0.15231400728225708 0.14885300397872925 0.04269799962639809 0.009033000096678734 0.7279430031776428 -0.6855790019035339 -0.5393229722976685 -0.21277999877929688 -0.6685060262680054 -0.7126179933547974 -0.6481170058250427
-0.977632999420166 0.15089400112628937 0.14651000499725342 0.038867998868227005 0.009221999906003475 0.7266929745674133 -0.6869000196456909 -0.5384209752082825 -0.21011699736118317 -0.6701850295066833 -0.7118309736251831 -0.6466969847679138
-0.9782000184059143 0.14946399629116058 0.14417000114917755 0.03504699841141701 0.00941300019621849 0.7254449725151062 -0.688215970993042 -0.5375099778175354 -0.2074510008096695 -0.6718559861183167 -0.7110369801521301 -0.645268976688385
-0.9787600040435791 0.14802399277687073 0.14183500409126282 0.031233999878168106 0.009603999555110931 0.7241969704627991 -0.6895260214805603 -0.5365899801254272 -0.20478299260139465 -0.6735190153121948 -0.7102370262145996 -0.6438329815864563
-0.9793130159378052 0.146574005484581 0.13950300216674805 0.027431000024080276 0.009794999845325947 0.7229499816894531 -0.6908310055732727 -0.535660982131958 -0.20211200416088104 -0.6751729846000671 -0.709430992603302 -0.6423879861831665
-0.9798589944839478 0.14511500298976898 0.1371760070323944 0.02363700047135353 0.009987999685108662 0.7217040061950684 -0.6921300292015076 -0.5347229838371277 -0.19943800568580627 -0.6768199801445007 -0.7086179852485657 -0.6409350037574768
-0.9803979992866516 0.1436450034379959 0.13485200703144073 0.019850999116897583 0.010181000456213951 0.720458984375 -0.6934229731559753 -0.5337769985198975 -0.19676199555397034 -0.6784579753875732 -0.7077990174293518 -0.639473021030426
-0.980929970741272 0.14216600358486176 0.132532000541687 0.016075000166893005 0.010374000295996666 0.7192140221595764 -0.6947110295295715 -0.5328220129013062 -0.19408300518989563 -0.6800879836082458 -0.7069740295410156 -0.6380040049552917
-0.9814550280570984 0.14067800343036652 0.13021600246429443 0.012307999655604362 0.01056899968534708 0.7179710268974304 -0.6959930062294006 -0.5318580269813538 -0.19140200316905975 -0.6817089915275574 -0.7061430215835571 -0.6365259885787964
-0.9819719791412354 0.13917900621891022 0.1279039978981018 0.008549000136554241 0.010764000006020069 0.7167279720306396 -0.6972690224647522 -0.5308859944343567 -0.1887180060148239 -0.6833230257034302 -0.7053049802780151 -0.6350399851799011
-0.9824830293655396 0.13767099380493164 0.1255970001220703 0.004800000227987766 0.01095999963581562 0.715487003326416 -0.698540985584259 -0.5299050211906433 -0.1860319972038269 -0.6849269866943359 -0.7044619917869568 -0.633545994758606
-0.9829859733581543 0.13615399599075317 0.12329299747943878 0.0010600000387057662 0.011156000196933746 0.7142459750175476 -0.6998059749603271 -0.5289160013198853 -0.18334299325942993 -0.686523973941803 -0.7036120295524597 -0.6320430040359497
-0.9834820032119751 0.13462699949741364 0.12099400162696838 -0.0026700000744313 0.011353000067174435 0.7130060195922852 -0.7010660171508789 -0.5279179811477661 -0.18065199255943298 -0.6881120204925537 -0.7027570009231567 -0.63053297996521
-0.9839699864387512 0.133091002702713 0.11869899928569794 -0.006391999777406454 0.011549999937415123 0.7117670178413391 -0.7023199796676636 -0.5269110202789307 -0.17795799672603607 -0.6896910071372986 -0.701894998550415 -0.6290150284767151
-0.9844520092010498 0.13154500722885132 0.11640799790620804 -0.010104999877512455 0.011748000048100948 0.7105299830436707 -0.7035689949989319 -0.5258970260620117 -0.17526200413703918 -0.6912620067596436 -0.7010279893875122 -0.6274880170822144
-0.9849259853363037 0.12998899817466736 0.11412099748849869 -0.013807999901473522 0.01194700039923191 0.709293007850647 -0.7048119902610779 -0.5248739719390869 -0.17256300151348114 -0.6928250193595886 -0.7001540064811707 -0.6259539723396301
-0.9853929877281189 0.1284250020980835 0.11183899641036987 -0.01750200055539608 0.012145999819040298 0.7080579996109009 -0.7060499787330627 -0.5238419771194458 -0.16986200213432312 -0.6943789720535278 -0.699275016784668 -0.6244109869003296
-0.9858530163764954 0.12685100734233856 0.1095609962940216 -0.02118699997663498 0.01234500017017126 0.7068229913711548 -0.7072830200195312 -0.5228019952774048 -0.16715900599956512 -0.6959239840507507 -0.6983889937400818 -0.6228610277175903
-0.9863049983978271 0.12526699900627136 0.10728699713945389 -0.024862999096512794 0.012544999830424786 0.705590009689331 -0.7085090279579163 -0.5217540264129639 -0.16445399820804596 -0.6974610090255737 -0.6974980235099792 -0.6213030219078064
-0.9867500066757202 0.12367500364780426 0.1050179973244667 -0.028528999537229538 0.012745999731123447 0.7043579816818237 -0.7097309827804565 -0.5206980109214783 -0.16174599528312683 -0.6989880204200745 -0.6966009736061096 -0.6197370290756226
-0.9871879816055298 0.12207300215959549 0.10275299847126007 -0.03218600153923035 0.01294699963182211 0.7031270265579224 -0.7109469771385193 -0.5196340084075928 -0.15903599560260773 -0.7005079984664917 -0.6956989765167236 -0.618162989616394
-0.9876180291175842 0.12046200037002563 0.10049299895763397 -0.03583399951457977 0.013148000463843346 0.7018970251083374 -0.7121570110321045 -0.5185610055923462 -0.15632300078868866 -0.7020180225372314 -0.6947900056838989 -0.6165810227394104
-0.9880419969558716 0.1188419982790947 0.09823700040578842 -0.039473000913858414 0.01334999967366457 0.7006679773330688 -0.7133619785308838 -0.5174800157546997 -0.15360799431800842 -0.7035199999809265 -0.6938760280609131 -0.6149910092353821
-0.9884570240974426 0.11721199750900269 0.09598600119352341 -0.043101999908685684 0.013551999814808369 0.6994410157203674 -0.7145619988441467 -0.5163919925689697 -0.1508920043706894 -0.7050129771232605 -0.6929559707641602 -0.613394021987915
-0.9888659715652466 0.11557400226593018 0.09373900294303894 -0.04672199860215187 0.013753999955952168 0.6982150077819824 -0.7157559990882874 -0.5152950286865234 -0.1481730043888092 -0.7064970135688782 -0.6920310258865356 -0.6117889881134033
-0.9892669916152954 0.113926000893116 0.09149699658155441 -0.050331998616456985 0.013957000337541103 0.6969900131225586 -0.7169449925422668 -0.5141900181770325 -0.14545099437236786 -0.7079730033874512 -0.6910989880561829 -0.6101760268211365
-0.9896609783172607 0.11226999759674072 0.08925899863243103 -0.053932998329401016 0.014161000028252602 0.6957669854164124 -0.7181280255317688 -0.5130770206451416 -0.14272800087928772 -0.7094389796257019 -0.6901630163192749 -0.6085559725761414
-0.9900469779968262 0.11060500144958496 0.08702600002288818 -0.05752500146627426 0.014364000409841537 0.6945449709892273 -0.7193059921264648 -0.5119569897651672 -0.14000199735164642 -0.7108970284461975 -0.6892200112342834 -0.6069279909133911
-0.9904260039329529 0.10892999917268753 0.08479800075292587 -0.061108000576496124 0.014568000100553036 0.6933240294456482 -0.7204790115356445 -0.5108280181884766 -0.13727499544620514 -0.7123460173606873 -0.688273012638092 -0.6052929759025574
-0.9907969832420349 0.1072470024228096 0.0825750008225441 -0.06468100100755692 0.014771999791264534 0.6921039819717407 -0.7216460108757019 -0.5096920132637024 -0.1345449984073639 -0.7137849926948547 -0.6873199939727783 -0.6036499738693237
-0.9911609888076782 0.10555499792098999 0.08035600185394287 -0.06824400275945663 0.01497699972242117 0.6908860206604004 -0.7228080034255981 -0.5085480213165283 -0.13181300461292267 -0.7152159810066223 -0.6863610148429871 -0.6019989848136902
-0.9915180206298828 0.10385400056838989 0.07814300060272217 -0.07179900258779526 0.015181000344455242 0.6896700263023376 -0.7239649891853333 -0.5073959827423096 -0.12907999753952026 -0.7166380286216736 -0.6853970289230347 -0.6003410220146179
-0.9918670058250427 0.1021450012922287 0.07593400031328201 -0.07534299790859222 0.015386000275611877 0.6884549856185913 -0.7251160144805908 -0.5062360167503357 -0.1263439953327179 -0.7180500030517578 -0.68442702293396 -0.598675012588501
-0.9922090172767639 0.10042700171470642 0.0737299993634224 -0.07887899875640869 0.01559200044721365 0.6872410178184509 -0.7262619733810425 -0.5050690174102783 -0.12360599637031555 -0.7194539904594421 -0.6834520101547241 -0.5970020294189453
-0.9925429821014404 0.09870000183582306 0.07153099775314331 -0.08240500092506409 0.015797000378370285 0.6860290169715881 -0.7274029850959778 -0.5038939714431763 -0.12086600065231323 -0.7208489775657654 -0.6824719905853271 -0.5953220129013062
-0.9928699731826782 0.09696400165557861 0.06933599710464478 -0.08592099696397781 0.016002999618649483 0.6848180294036865 -0.7285379767417908 -0.5027109980583191 -0.11812499910593033 -0.7222340106964111 -0.6814870238304138 -0.5936340093612671
-0.9931889772415161 0.09521999955177307 0.06714700162410736 -0.08942800015211105 0.016208000481128693 0.6836090087890625 -0.7296680212020874 -0.5015209913253784 -0.11538100242614746 -0.723609983921051 -0.6804959774017334 -0.5919389724731445
-0.9935010075569153 0.09346699714660645 0.06496299803256989 -0.09292499721050262 0.01641399972140789 0.6824020147323608 -0.7307929992675781 -0.500324010848999 -0.11263599991798401 -0.7249770164489746 -0.6795009970664978 -0.5902360081672668
-0.9938049912452698 0.09170600026845932 0.06278400123119354 -0.09641300141811371 0.016620000824332237 0.6811950206756592 -0.7319129705429077 -0.49911901354789734 -0.10988900065422058 -0.7263349890708923 -0.6784999966621399 -0.5885260105133057
-0.9941020011901855 0.08993600308895111 0.06061000004410744 -0.09989099949598312 0.016826000064611435 0.6799910068511963 -0.7330269813537598 -0.49790599942207336 -0.10713899880647659 -0.7276840209960938 -0.6774929761886597 -0.586808979511261
-0.9943910241127014 0.08815799653530121 0.05844099819660187 -0.10335999727249146 0.01703299954533577 0.6787880063056946 -0.7341369986534119 -0.49668601155281067 -0.1043889969587326 -0.7290229797363281 -0.6764820218086243 -0.5850849747657776
-0.9946720004081726 0.08637099713087082 0.05627699941396713 -0.10681899636983871 0.017239000648260117 0.6775869727134705 -0.7352409958839417 -0.4954589903354645 -0.10163599997758865 -0.7303529977798462 -0.675466001033783 -0.5833529829978943
-0.9949460029602051 0.08457600325345993 0.05411799997091293 -0.11026900261640549 0.017444999888539314 0.6763880252838135 -0.7363389730453491 -0.49422401189804077 -0.09888099879026413 -0.7316740155220032 -0.6744449734687805 -0.5816149711608887
