0.7652873396873474 -0.16878286004066467 0.6211663484573364 -0.3050720691680908 -0.6436887979507446 -0.20066745579242706 0.7385101914405823 -1.8043280839920044 1.1102230246251565e-16 -0.9650103449821472 -0.2622119188308716 0.9163707494735718
0.7631261348724365 -0.1779121458530426 0.6212775707244873 -0.3131665885448456 -0.6462495923042297 -0.21008819341659546 0.733637809753418 -1.7794530391693115 5.551115123125783e-17 -0.9613585472106934 -0.27529942989349365 0.9226333498954773
0.7604096531867981 -0.1875225305557251 0.6217817068099976 -0.3239247798919678 -0.6494437456130981 -0.21956318616867065 0.7280211448669434 -1.7550355195999146 1.6653345369377348e-16 -0.9574065804481506 -0.2887432873249054 0.9296837449073792
0.7571609020233154 -0.1975553184747696 0.6226389408111572 -0.3372383415699005 -0.6532284021377563 -0.22898754477500916 0.7217044830322266 -1.7311911582946777 5.551115123125783e-17 -0.9531718492507935 -0.3024291694164276 0.937360405921936
0.7534066438674927 -0.20794278383255005 0.6238094568252563 -0.3529989719390869 -0.6575549244880676 -0.2382545918226242 0.714742124080658 -1.7080353498458862 -5.551115123125783e-17 -0.9486804008483887 -0.3162364065647125 0.9455016851425171
0.7491780519485474 -0.2186076045036316 0.6252542734146118 -0.3710983395576477 -0.662368655204773 -0.24725812673568726 0.7071995735168457 -1.6856834888458252 0.0 -0.9439672231674194 -0.33003920316696167 0.9539459943771362
0.7445119023323059 -0.22946268320083618 0.626936137676239 -0.391428142786026 -0.6676092147827148 -0.2558947801589966 0.6991536617279053 -1.6642513275146484 0.0 -0.9390765428543091 -0.3437080979347229 0.9625318646430969
0.7394509315490723 -0.24041123688220978 0.6288201212882996 -0.41388005018234253 -0.6732104420661926 -0.2640664875507355 0.6906928420066833 -1.6438541412353516 -1.1102230246251565e-16 -0.9340617656707764 -0.3571115732192993 0.9710975885391235
0.7340449690818787 -0.25134724378585815 0.6308744549751282 -0.438345730304718 -0.6791008710861206 -0.271683007478714 0.6819166541099548 -1.6246075630187988 5.551115123125783e-17 -0.9289848804473877 -0.3701176643371582 0.9794816970825195
0.7283511757850647 -0.2621561586856842 0.6330708265304565 -0.46471694111824036 -0.685204029083252 -0.27866408228874207 0.6729351878166199 -1.6066269874572754 -1.1102230246251565e-16 -0.9239158034324646 -0.3825957775115967 0.987522542476654
0.7224348187446594 -0.27271607518196106 0.6353848576545715 -0.4928852915763855 -0.6914390325546265 -0.28494134545326233 0.6638678312301636 -1.5900280475616455 1.1102230246251565e-16 -0.9189311265945435 -0.3944180905818939 0.995058536529541
0.7163689136505127 -0.282898873090744 0.6377960443496704 -0.522742509841919 -0.6977216601371765 -0.29045960307121277 0.6548417210578918 -1.5749260187149048 1.6653345369377348e-16 -0.914112389087677 -0.4054608941078186 1.0019280910491943
0.7102347016334534 -0.2925718426704407 0.6402877569198608 -0.5541802644729614 -0.7039650082588196 -0.2951775789260864 0.6459903120994568 -1.5614365339279175 5.551115123125783e-17 -0.9095448851585388 -0.41560569405555725 1.0079697370529175
0.7041205763816833 -0.301599383354187 0.6428468227386475 -0.587090253829956 -0.7100803852081299 -0.29906800389289856 0.6374512910842896 -1.5496752262115479 5.551115123125783e-17 -0.9053155183792114 -0.4247397482395172 1.0130218267440796
0.6981220245361328 -0.30984440445899963 0.645462691783905 -0.6213641166687012 -0.7159788012504578 -0.3021167516708374 0.6293646097183228 -1.539757251739502 5.551115123125783e-17 -0.9015108942985535 -0.43275636434555054 1.0169228315353394
0.6923400163650513 -0.31717219948768616 0.6481258273124695 -0.6568881869316101 -0.7215714454650879 -0.30432331562042236 0.6218697428703308 -1.5317940711975098 -5.551115123125783e-17 -0.8982143998146057 -0.43955761194229126 1.019518494606018
0.686882734298706 -0.3234885632991791 0.6508050560951233 -0.6934448480606079 -0.7267682552337646 -0.305735319852829 0.6150884628295898 -1.5258135795593262 1.1102230246251565e-16 -0.8954781293869019 -0.44510552287101746 1.0207971334457397
0.6818624138832092 -0.32873907685279846 0.6534479856491089 -0.7307231426239014 -0.7314804196357727 -0.30643996596336365 0.6091231107711792 -1.5217689275741577 1.6653345369377348e-16 -0.8933225274085999 -0.4494161009788513 1.020875096321106
0.6773903965950012 -0.33287733793258667 0.6559991836547852 -0.7684087753295898 -0.7356237173080444 -0.30652615427970886 0.6040691137313843 -1.51961088180542 5.551115123125783e-17 -0.8917591571807861 -0.4525103271007538 1.019873023033142
0.6735754013061523 -0.33586370944976807 0.6584008932113647 -0.8061874508857727 -0.7391185164451599 -0.3060801923274994 0.6000156402587891 -1.5192899703979492 1.1102230246251565e-16 -0.8907920718193054 -0.45441117882728577 1.0179119110107422
0.6705223321914673 -0.3376651108264923 0.6605921983718872 -0.8437448740005493 -0.7418893575668335 -0.30518296360969543 0.5970457196235657 -1.520756721496582 0.0 -0.8904187679290771 -0.45514214038848877 1.0151124000549316
0.6683306097984314 -0.33825454115867615 0.6625089049339294 -0.8807668685913086 -0.7438643574714661 -0.3039073646068573 0.5952361822128296 -1.5239619016647339 0.0 -0.8906313180923462 -0.45472607016563416 1.0115954875946045
0.6670930981636047 -0.3376103937625885 0.6640828251838684 -0.9169390201568604 -0.7449743151664734 -0.302315890789032 0.5946581959724426 -1.5288559198379517 0.0 -0.8914170265197754 -0.4531839191913605 1.0074819326400757
0.66689532995224 -0.3357158601284027 0.6652409434318542 -0.9519471526145935 -0.7451514005661011 -0.3004588484764099 0.5953770875930786 -1.5353894233703613 5.551115123125783e-17 -0.892759382724762 -0.45053374767303467 1.0028924942016602
0.6678141951560974 -0.33255815505981445 0.6659048199653625 -0.9854769706726074 -0.7443280220031738 -0.2983725666999817 0.5974526405334473 -1.5435131788253784 1.6653345369377348e-16 -0.8946389555931091 -0.44678980112075806 0.9979481101036072
0.6699175834655762 -0.32812803983688354 0.6659897565841675 -1.0172141790390015 -0.7424354553222656 -0.2960779368877411 0.6009387969970703 -1.5531774759292603 0.0 -0.8970339298248291 -0.44196170568466187 0.9927694797515869
0.6732633709907532 -0.3224194049835205 0.6654037833213806 -1.046844482421875 -0.7394027709960938 -0.2935790717601776 0.6058835387229919 -1.564333200454712 1.1102230246251565e-16 -0.8999205827713013 -0.4360538423061371 0.9874774217605591
0.6778969764709473 -0.3154318928718567 0.6640470027923584 -1.0740535259246826 -0.7351568937301636 -0.2908635139465332 0.6123256683349609 -1.5769308805465698 0.0 -0.9032724499702454 -0.4290674328804016 0.982192873954773
0.6838085651397705 -0.3072381615638733 0.6618236899375916 -1.098527193069458 -0.7296614646911621 -0.2879309058189392 0.6202337741851807 -1.5909209251403809 1.1102230246251565e-16 -0.9070283770561218 -0.4210694432258606 0.9770365357398987
0.6909304261207581 -0.29799139499664307 0.6586472988128662 -1.1199511289596558 -0.7229212522506714 -0.28480464220046997 0.6295007467269897 -1.6062541007995605 -5.551115123125783e-17 -0.9110913276672363 -0.4122045040130615 0.9721292853355408
0.699186384677887 -0.28785088658332825 0.6544312834739685 -1.13801109790802 -0.7149394750595093 -0.28150835633277893 0.6400114297866821 -1.6228810548782349 1.1102230246251565e-16 -0.915365993976593 -0.4026227593421936 0.9675919413566589
0.7084951400756836 -0.2769773602485657 0.6490902900695801 -1.1523927450180054 -0.7057157158851624 -0.2780682146549225 0.6516466736793518 -1.6407523155212402 5.551115123125783e-17 -0.9197617173194885 -0.39247724413871765 0.9635452628135681
0.7187715172767639 -0.2655316889286041 0.6425421833992004 -1.162781834602356 -0.6952463984489441 -0.2745165228843689 0.6642839312553406 -1.659818410873413 -1.6653345369377348e-16 -0.9241935014724731 -0.3819245994091034 0.9601101279258728
0.7299269437789917 -0.25367361307144165 0.6347096562385559 -1.1688640117645264 -0.6835251450538635 -0.27089452743530273 0.6777975559234619 -1.6800299882888794 5.551115123125783e-17 -0.9285827279090881 -0.3711255192756653 0.9574074149131775
0.7418702840805054 -0.241559699177742 0.625521719455719 -1.1703251600265503 -0.6705434322357178 -0.2672548294067383 0.6920595169067383 -1.7013375759124756 -1.1102230246251565e-16 -0.932857871055603 -0.36024466156959534 0.9555578231811523
0.7545079588890076 -0.2293410301208496 0.6149150133132935 -1.1668508052825928 -0.6562908887863159 -0.26366299390792847 0.7069399356842041 -1.7236919403076172 -5.551115123125783e-17 -0.936954915523529 -0.3494502604007721 0.9546821713447571
0.7677350044250488 -0.21716101467609406 0.602846622467041 -1.1581759452819824 -0.6407674551010132 -0.26019129157066345 0.7223001718521118 -1.7470362186431885 0.0 -0.9408196210861206 -0.3389076590538025 0.9548917412757874
0.7812805771827698 -0.20516133308410645 0.589499294757843 -1.1449053287506104 -0.6241799592971802 -0.256798654794693 0.7378711700439453 -1.7711834907531738 -1.1102230246251565e-16 -0.944438099861145 -0.3286893963813782 0.9561264514923096
0.7947498559951782 -0.19349217414855957 0.5752680897712708 -1.1283886432647705 -0.6069371104240417 -0.2533670961856842 0.7532811760902405 -1.795835018157959 5.551115123125783e-17 -0.9478216767311096 -0.31880104541778564 0.9581800103187561
0.8077763319015503 -0.18230892717838287 0.5605897307395935 -1.1100001335144043 -0.5894891023635864 -0.24981772899627686 0.7681755423545837 -1.8206888437271118 0.0 -0.9509755969047546 -0.30926597118377686 0.9608411192893982
0.8200331330299377 -0.17176666855812073 0.5459321141242981 -1.0911136865615845 -0.57231605052948 -0.2461129128932953 0.7822293639183044 -1.845442771911621 5.551115123125783e-17 -0.9538996815681458 -0.3001255691051483 0.9638985991477966
0.8312377333641052 -0.16201408207416534 0.5317849516868591 -1.0731033086776733 -0.5559170842170715 -0.24225234985351562 0.7951540946960449 -1.869794487953186 -5.551115123125783e-17 -0.9565904140472412 -0.29143568873405457 0.9671412110328674
0.8411527872085571 -0.15318740904331207 0.5186479091644287 -1.0573431253433228 -0.5407975912094116 -0.23826660215854645 0.8067013025283813 -1.893441915512085 0.0 -0.9590425491333008 -0.2832619845867157 0.9703577756881714
0.8495832085609436 -0.14540593326091766 0.5070163011550903 -1.045207142829895 -0.527454674243927 -0.2342086285352707 0.8166626691818237 -1.9160829782485962 1.6653345369377348e-16 -0.9612509608268738 -0.2756747603416443 0.9733371138572693
0.8563697934150696 -0.138769268989563 0.49736693501472473 -1.038069248199463 -0.5163630247116089 -0.23014390468597412 0.824865460395813 -1.937415361404419 -2.7755575615628914e-17 -0.9632117748260498 -0.2687436044216156 0.9758679270744324
0.8613794445991516 -0.1333564966917038 0.4901443421840668 -1.0373035669326782 -0.5079620480537415 -0.22614002227783203 0.8311650156974792 -1.957136869430542 2.7755575615628914e-17 -0.9649232029914856 -0.26253241300582886 0.977739155292511
0.8645579814910889 -0.12921036779880524 0.48563796281814575 -1.0438674688339233 -0.5025331377983093 -0.22229351103305817 0.8354914784431458 -1.9750421047210693 0.0 -0.9663800001144409 -0.2571181058883667 0.9787886738777161
0.8660998940467834 -0.12628401815891266 0.48365622758865356 -1.0571205615997314 -0.49987098574638367 -0.21880561113357544 0.8380054235458374 -1.9912958145141602 1.1102230246251565e-16 -0.9675621390342712 -0.2526332437992096 0.9790430665016174
0.8662912249565125 -0.12443473190069199 0.48379281163215637 -1.076040267944336 -0.4995392858982086 -0.21579226851463318 0.8389840126037598 -2.0061514377593994 1.6653345369377348e-16 -0.9684780240058899 -0.2490989863872528 0.9785742163658142
