-0.4257289469242096 -0.904746949672699 -0.013706684112548828 -0.5733062624931335 0.273404061794281 -0.11418087035417557 -0.9550983905792236 0.06807805597782135 0.8625572919845581 -0.4103604853153229 0.2959715723991394 -0.5405226945877075
-0.4238259792327881 -0.9056423902511597 -0.013540581800043583 -0.5762376189231873 0.27343493700027466 -0.1136823520064354 -0.9551489949226379 0.06823848187923431 0.8634841442108154 -0.408519446849823 0.2958158254623413 -0.5387938022613525
-0.4222774803638458 -0.9063641428947449 -0.013628722168505192 -0.5789774656295776 0.2734057605266571 -0.11301687359809875 -0.9552363157272339 0.06873806565999985 0.8642517328262329 -0.40710097551345825 0.29552966356277466 -0.5372275114059448
-0.4205445647239685 -0.9071720242500305 -0.013459979556500912 -0.5818114876747131 0.2733555734157562 -0.11254735291004181 -0.9553061127662659 0.0688927099108696 0.8651121258735657 -0.4054281711578369 0.29531171917915344 -0.5355516076087952
-0.4188994765281677 -0.9079328775405884 -0.013456923887133598 -0.5846105217933655 0.27335768938064575 -0.11196091026067734 -0.9553744196891785 0.0691087543964386 0.865909218788147 -0.4038844108581543 0.29509082436561584 -0.5338224768638611
-0.4172200858592987 -0.9087105989456177 -0.013131805695593357 -0.5874342918395996 0.2733493447303772 -0.11169739812612534 -0.9554076790809631 0.06922885030508041 0.8667222857475281 -0.40220484137535095 0.29499784111976624 -0.5321189165115356
-0.4156758785247803 -0.9094185829162598 -0.013094269670546055 -0.5901967883110046 0.2733362317085266 -0.11117880791425705 -0.955471932888031 0.06947505474090576 0.8674680590629578 -0.4007457494735718 0.29479140043258667 -0.5304139256477356
-0.4140603542327881 -0.9101542830467224 -0.013158917427062988 -0.5928974151611328 0.2731788456439972 -0.11046244204044342 -0.9556000232696533 0.06986510753631592 0.8682898879051208 -0.39927080273628235 0.2943730354309082 -0.5286851525306702
-0.41243186593055725 -0.9108991026878357 -0.012758204713463783 -0.5956864356994629 0.27310910820961 -0.11027195304632187 -0.9556419253349304 0.06996402144432068 0.869086503982544 -0.3976215720176697 0.29425451159477234 -0.5269348621368408
-0.41085705161094666 -0.9116111993789673 -0.012706170789897442 -0.5984161496162415 0.2730494439601898 -0.10974058508872986 -0.9557201266288757 0.07021187245845795 0.8698508143424988 -0.39613378047943115 0.29400262236595154 -0.525147557258606
-0.40905120968818665 -0.9124252796173096 -0.01253744401037693 -0.6013192534446716 0.2729792594909668 -0.10924647748470306 -0.9557967782020569 0.07048705220222473 0.8707234859466553 -0.39439231157302856 0.2937605679035187 -0.5231783986091614
-0.40733784437179565 -0.9131896495819092 -0.012670016847550869 -0.6040145754814148 0.2729179859161377 -0.10847531259059906 -0.955902099609375 0.0709788128733635 0.8715455532073975 -0.39283299446105957 0.2934119999408722 -0.5213127136230469
-0.4057897627353668 -0.9138774275779724 -0.012755224481225014 -0.6065996289253235 0.2728319764137268 -0.1078026220202446 -0.9560027718544006 0.07128201425075531 0.8722943067550659 -0.39141616225242615 0.2930801808834076 -0.5195528864860535
-0.4042748212814331 -0.9145536422729492 -0.012387837283313274 -0.6093127131462097 0.2727326452732086 -0.10761042684316635 -0.9560527801513672 0.07138559967279434 0.8730285167694092 -0.38988661766052246 0.29293280839920044 -0.5177092552185059
-0.4024776816368103 -0.9153499007225037 -0.012096419930458069 -0.6121029853820801 0.2726513743400574 -0.10724915564060211 -0.9561165571212769 0.07157596200704575 0.873883843421936 -0.38811367750167847 0.29273679852485657 -0.5156775116920471
-0.40073996782302856 -0.9161116480827332 -0.012120429426431656 -0.6147705912590027 0.2725194990634918 -0.10655854642391205 -0.9562313556671143 0.07196199893951416 0.8747231364250183 -0.3865031898021698 0.2923605740070343 -0.5137181878089905
-0.39913228154182434 -0.9168163537979126 -0.011883621104061604 -0.6174386143684387 0.27253100275993347 -0.10625036060810089 -0.9562623500823975 0.0721898302435875 0.875454306602478 -0.384913831949234 0.292268842458725 -0.511767566204071
-0.3975312411785126 -0.9175095558166504 -0.012045602314174175 -0.620003342628479 0.27228885889053345 -0.10541866719722748 -0.9564234018325806 0.07262095808982849 0.8762577772140503 -0.3834880590438843 0.29173484444618225 -0.5098110437393188
-0.395835816860199 -0.9182432889938354 -0.011968778446316719 -0.6226571202278137 0.27216097712516785 -0.10485528409481049 -0.9565216898918152 0.07295402884483337 0.8770646452903748 -0.38188299536705017 0.2914154529571533 -0.507782518863678
-0.39418843388557434 -0.9189547300338745 -0.011733289808034897 -0.6252926588058472 0.2721148729324341 -0.10451090335845947 -0.9565725326538086 0.07321736961603165 0.877820611000061 -0.3802626132965088 0.2912582457065582 -0.5057443976402283
-0.392559677362442 -0.9196548461914062 -0.011484348215162754 -0.6279515027999878 0.2719176709651947 -0.10412294417619705 -0.956670880317688 0.07342227548360825 0.8786112070083618 -0.3786732256412506 0.2909448742866516 -0.5036296248435974
-0.39088869094848633 -0.9203659892082214 -0.011509123258292675 -0.6305153369903564 0.2717883288860321 -0.10346677154302597 -0.9567788243293762 0.07380326837301254 0.8793959021568298 -0.37712207436561584 0.29058873653411865 -0.5015754103660583
-0.38927513360977173 -0.9210527539253235 -0.0112562021240592 -0.6330960988998413 0.271640419960022 -0.10311272740364075 -0.9568590521812439 0.07403020560741425 0.8801569938659668 -0.37553906440734863 0.2903343737125397 -0.49950191378593445
-0.38754594326019287 -0.9217823147773743 -0.011201715096831322 -0.6356533169746399 0.2715427875518799 -0.10253597050905228 -0.9569487571716309 0.07440685480833054 0.880949854850769 -0.3739033639431 0.2900407612323761 -0.4973951578140259
-0.38606420159339905 -0.9224032759666443 -0.011250384151935577 -0.638115406036377 0.27127981185913086 -0.1018683984875679 -0.9570946097373962 0.07474487274885178 0.8816811442375183 -0.37255197763442993 0.2895571291446686 -0.49533766508102417
-0.3842339515686035 -0.9231677055358887 -0.011210624128580093 -0.6406815648078918 0.27123910188674927 -0.10126957297325134 -0.9571697115898132 0.07526705414056778 0.8824928402900696 -0.3708178400993347 0.28931036591529846 -0.4930882155895233
-0.38269972801208496 -0.9238082766532898 -0.01091562770307064 -0.6432091593742371 0.27105334401130676 -0.1009766012430191 -0.9572532773017883 0.07543633133172989 0.8832162618637085 -0.3692992925643921 0.2890450656414032 -0.4909674823284149
-0.3809009790420532 -0.9245508313179016 -0.010964003391563892 -0.6458125710487366 0.27081671357154846 -0.10021884739398956 -0.957399845123291 0.07585214823484421 0.8840660452842712 -0.3676437735557556 0.2885572910308838 -0.488607794046402
-0.3793543875217438 -0.9251886606216431 -0.010780186392366886 -0.6482281684875488 0.2707473635673523 -0.09985814988613129 -0.9574571847915649 0.07614856213331223 0.8847520351409912 -0.36613428592681885 0.28837400674819946 -0.48653024435043335
-0.3775258958339691 -0.9259405732154846 -0.010405912064015865 -0.6508535742759705 0.2705705165863037 -0.09955640882253647 -0.9575385451316833 0.0763108879327774 0.8855878114700317 -0.364311158657074 0.28811731934547424 -0.4840913414955139
-0.37580406665802 -0.9266391396522522 -0.010546867735683918 -0.6532713770866394 0.2702977955341339 -0.0987204760313034 -0.957702100276947 0.07681897282600403 0.8864030838012695 -0.36275914311408997 0.287568062543869 -0.4818131625652313
-0.3742437958717346 -0.9272711277008057 -0.010480409488081932 -0.6556674242019653 0.27024033665657043 -0.09824308753013611 -0.9577674269676208 0.07724571228027344 0.8870804309844971 -0.3612707555294037 0.28735291957855225 -0.47958463430404663
-0.37267425656318665 -0.9279024004936218 -0.010539775714278221 -0.6580278873443604 0.26992881298065186 -0.09753091633319855 -0.9579280614852905 0.07770664989948273 0.8878357410430908 -0.35984012484550476 0.2868148386478424 -0.47734305262565613
-0.370897501707077 -0.9286147952079773 -0.010471466928720474 -0.6604698896408081 0.2697375416755676 -0.09693241119384766 -0.9580426812171936 0.07805487513542175 0.8886375427246094 -0.3581601679325104 0.28643426299095154 -0.4749467074871063
-0.36923646926879883 -0.9292801022529602 -0.0101458840072155 -0.6628866791725159 0.26959070563316345 -0.09665744006633759 -0.9581117630004883 0.07833044230937958 0.8893735408782959 -0.35650506615638733 0.2862147390842438 -0.4726037383079529
-0.3676484227180481 -0.9299086928367615 -0.010220935568213463 -0.6652398705482483 0.26934775710105896 -0.09595678746700287 -0.9582505226135254 0.07879165560007095 0.8901047110557556 -0.35505226254463196 0.2857471704483032 -0.4702222943305969
-0.3660737872123718 -0.9305323958396912 -0.00997055135667324 -0.6675607562065125 0.2691669464111328 -0.09562250971794128 -0.958334743976593 0.07895243912935257 0.89080810546875 -0.3535049855709076 0.28547346591949463 -0.4679332375526428
-0.36443963646888733 -0.9311740398406982 -0.009932640008628368 -0.6698877811431885 0.26895463466644287 -0.09503891319036484 -0.9584524035453796 0.07944480329751968 0.8915420174598694 -0.35196948051452637 0.2850795388221741 -0.4655117690563202
-0.36254432797431946 -0.9319141507148743 -0.009881928563117981 -0.6722715497016907 0.268702894449234 -0.09436921030282974 -0.9585891962051392 0.07986096292734146 0.892390251159668 -0.35018637776374817 0.2846210300922394 -0.4629703164100647
-0.3609296679496765 -0.9325436949729919 -0.00959209818392992 -0.6746110916137695 0.2684721052646637 -0.09404786676168442 -0.9586853981018066 0.08007118105888367 0.893113911151886 -0.34859320521354675 0.2843066453933716 -0.46050944924354553
-0.3593800961971283 -0.9331397414207458 -0.009806831367313862 -0.6767962574958801 0.26820480823516846 -0.09321676939725876 -0.9588413834571838 0.08064886182546616 0.8938188552856445 -0.34721875190734863 0.2837728261947632 -0.458124577999115
-0.3575965464115143 -0.9338273406028748 -0.009551506489515305 -0.6791612505912781 0.2679714262485504 -0.0928075984120369 -0.9589463472366333 0.08098332583904266 0.8946038484573364 -0.3454754054546356 0.2834267318248749 -0.45552903413772583
-0.35593196749687195 -0.934463620185852 -0.009495630860328674 -0.6814045906066895 0.2677628695964813 -0.09224382042884827 -0.9590590000152588 0.08139736950397491 0.8953298330307007 -0.3439023494720459 0.2830471694469452 -0.4530067443847656
-0.35426822304725647 -0.935099184513092 -0.009138147346675396 -0.6836638450622559 0.26748910546302795 -0.09196663647890091 -0.9591619968414307 0.0815904513001442 0.896071195602417 -0.3422449827194214 0.28270968794822693 -0.4505155682563782
-0.35255059599876404 -0.9357458353042603 -0.009368978440761566 -0.6858420968055725 0.2672010064125061 -0.09106526523828506 -0.959328293800354 0.08220474421977997 0.8968342542648315 -0.3407151401042938 0.28213733434677124 -0.4479638934135437
-0.35079115629196167 -0.9364063739776611 -0.009417335502803326 -0.6880974173545837 0.26692357659339905 -0.09034404903650284 -0.9594736695289612 0.0828140527009964 0.8976064920425415 -0.3390886187553406 0.28164082765579224 -0.44527462124824524
-0.34927475452423096 -0.936974823474884 -0.009235844947397709 -0.6902448534965515 0.2667596638202667 -0.08998121321201324 -0.9595533609390259 0.08305364847183228 0.8982462882995605 -0.33761152625083923 0.2813752591609955 -0.4427736699581146
-0.34770697355270386 -0.9375568628311157 -0.009325205348432064 -0.6923643946647644 0.2664453387260437 -0.0892697125673294 -0.9597071409225464 0.0835425928235054 0.8989475965499878 -0.33618152141571045 0.28084737062454224 -0.44020840525627136
-0.3458211421966553 -0.9382588863372803 -0.008829631842672825 -0.694635808467865 0.26614826917648315 -0.08906383812427521 -0.9598087072372437 0.08374914526939392 0.8997626304626465 -0.3342721164226532 0.2805161476135254 -0.4374719560146332
