-0.2001047432422638 0.0 0.9797744750976562 7.83819580078125 0.9797743558883667 0.0 0.20010477304458618 1.6008381843566895 0.0 1.0 0.0 0.0
-0.20626918971538544 0.0 0.978495180606842 7.827962398529053 0.978495180606842 0.0 0.20626918971538544 1.6501537561416626 0.0 1.0 0.0 0.0
-0.21242544054985046 0.0 0.9771771430969238 7.817418098449707 0.9771771430969238 0.0 0.21242544054985046 1.6994037628173828 0.0 1.0 0.0 0.0
-0.21857328712940216 0.0 0.9758204221725464 7.8065643310546875 0.9758204221725464 0.0 0.21857328712940216 1.7485865354537964 0.0 1.0 0.0 0.0
-0.22471246123313904 0.0 0.9744250178337097 7.795401096343994 0.9744250178337097 0.0 0.22471246123313904 1.7976999282836914 0.0 1.0 0.0 0.0
-0.230842724442482 0.0 0.9729909300804138 7.783928394317627 0.9729909300804138 0.0 0.230842724442482 1.846742033958435 0.0 1.0 0.0 0.0
-0.23696383833885193 0.0 0.971518337726593 7.7721476554870605 0.971518337726593 0.0 0.23696383833885193 1.8957109451293945 0.0 1.0 0.0 0.0
-0.24307557940483093 0.0 0.9700072407722473 7.760058879852295 0.9700072407722473 0.0 0.24307557940483093 1.9446048736572266 0.0 1.0 0.0 0.0
-0.24917766451835632 0.0 0.9684577584266663 7.74766206741333 0.9684576392173767 0.0 0.2491776943206787 1.9934215545654297 0.0 1.0 0.0 0.0
-0.2552698850631714 0.0 0.9668697118759155 7.734958648681641 0.9668697118759155 0.0 0.2552698850631714 2.04215931892395 0.0 1.0 0.0 0.0
-0.26135197281837463 0.0 0.9652434587478638 7.721948623657227 0.9652434587478638 0.0 0.26135197281837463 2.090816020965576 0.0 1.0 0.0 0.0
-0.26742371916770935 0.0 0.963578999042511 7.708631992340088 0.9635788798332214 0.0 0.26742374897003174 2.139389991760254 0.0 1.0 0.0 0.0
-0.27348485589027405 0.0 0.9618762731552124 7.695010185241699 0.9618761539459229 0.0 0.27348488569259644 2.1878790855407715 0.0 1.0 0.0 0.0
-0.2795351445674896 0.0 0.9601353406906128 7.681083679199219 0.9601353406906128 0.0 0.2795351445674896 2.236281394958496 0.0 1.0 0.0 0.0
-0.28557437658309937 0.0 0.9583564400672913 7.6668524742126465 0.9583564400672913 0.0 0.28557437658309937 2.284595251083374 0.0 1.0 0.0 0.0
-0.2916022837162018 0.0 0.956539511680603 7.652317047119141 0.956539511680603 0.0 0.2916022837162018 2.3328185081481934 0.0 1.0 0.0 0.0
-0.2976185977458954 0.0 0.9546847343444824 7.637478828430176 0.9546847343444824 0.0 0.2976185977458954 2.380949020385742 0.0 1.0 0.0 0.0
-0.30362316966056824 0.0 0.9527921676635742 7.622337341308594 0.9527920484542847 0.0 0.3036231994628906 2.428985595703125 0.0 1.0 0.0 0.0
-0.3096156716346741 0.0 0.9508616328239441 7.606894016265869 0.9508616328239441 0.0 0.3096156716346741 2.4769256114959717 0.0 1.0 0.0 0.0
-0.3155958950519562 0.0 0.9488935470581055 7.59114933013916 0.9488935470581055 0.0 0.3155958950519562 2.5247673988342285 0.0 1.0 0.0 0.0
-0.32156363129615784 0.0 0.9468878507614136 7.575103759765625 0.9468878507614136 0.0 0.32156363129615784 2.572509288787842 0.0 1.0 0.0 0.0
-0.32751861214637756 0.0 0.9448446035385132 7.558757781982422 0.9448446035385132 0.0 0.32751861214637756 2.6201491355895996 0.0 1.0 0.0 0.0
-0.33346062898635864 0.0 0.9427639245986938 7.542112350463867 0.9427639245986938 0.0 0.33346062898635864 2.6676852703094482 0.0 1.0 0.0 0.0
-0.3393894135951996 0.0 0.9406458139419556 7.525167465209961 0.9406458139419556 0.0 0.3393894135951996 2.715115547180176 0.0 1.0 0.0 0.0
-0.3453047275543213 0.0 0.9384905099868774 7.507925033569336 0.9384905099868774 0.0 0.3453047275543213 2.7624380588531494 0.0 1.0 0.0 0.0
-0.35120639204978943 0.0 0.9362979531288147 7.490384578704834 0.9362979531288147 0.0 0.35120639204978943 2.8096513748168945 0.0 1.0 0.0 0.0
-0.3570941090583801 0.0 0.9340683817863464 7.4725470542907715 0.9340682625770569 0.0 0.3570941388607025 2.85675311088562 0.0 1.0 0.0 0.0
-0.36296766996383667 0.0 0.9318016171455383 7.454413890838623 0.9318016171455383 0.0 0.36296766996383667 2.9037415981292725 0.0 1.0 0.0 0.0
-0.36882686614990234 0.0 0.9294979572296143 7.4359846115112305 0.9294979572296143 0.0 0.36882686614990234 2.950615167617798 0.0 1.0 0.0 0.0
-0.37467142939567566 0.0 0.9271575212478638 7.417261123657227 0.9271575212478638 0.0 0.37467142939567566 2.9973716735839844 0.0 1.0 0.0 0.0
-0.3805010914802551 0.0 0.9247804284095764 7.398243427276611 0.9247803092002869 0.0 0.3805011510848999 3.044009208679199 0.0 1.0 0.0 0.0
-0.3863157331943512 0.0 0.9223665595054626 7.378932476043701 0.9223664402961731 0.0 0.38631579279899597 3.0905263423919678 0.0 1.0 0.0 0.0
-0.39211505651474 0.0 0.919916033744812 7.3593292236328125 0.919916033744812 0.0 0.39211505651474 3.136920928955078 0.0 1.0 0.0 0.0
-0.3978988230228424 0.0 0.9174291491508484 7.3394341468811035 0.9174291491508484 0.0 0.3978988230228424 3.1831910610198975 0.0 1.0 0.0 0.0
-0.4036668539047241 0.0 0.9149059057235718 7.319248199462891 0.9149059057235718 0.0 0.4036668539047241 3.229335308074951 0.0 1.0 0.0 0.0
-0.40941885113716125 0.0 0.9123464226722717 7.29877233505249 0.9123464226722717 0.0 0.40941885113716125 3.2753512859344482 0.0 1.0 0.0 0.0
-0.4151546359062195 0.0 0.9097506999969482 7.278006553649902 0.9097506999969482 0.0 0.4151546359062195 3.321237564086914 0.0 1.0 0.0 0.0
-0.4208739399909973 0.0 0.9071189761161804 7.25695276260376 0.9071189761161804 0.0 0.4208739399909973 3.3669919967651367 0.0 1.0 0.0 0.0
-0.4265765845775604 0.0 0.904451310634613 7.235611438751221 0.904451310634613 0.0 0.4265765845775604 3.4126131534576416 0.0 1.0 0.0 0.0
-0.4322623312473297 0.0 0.9017477631568909 7.213983058929443 0.9017477631568909 0.0 0.4322623312473297 3.458099126815796 0.0 1.0 0.0 0.0
-0.4379309117794037 0.0 0.899008572101593 7.192068576812744 0.8990084528923035 0.0 0.43793097138404846 3.5034477710723877 0.0 1.0 0.0 0.0
-0.443582147359848 0.0 0.8962335586547852 7.169869422912598 0.8962335586547852 0.0 0.443582147359848 3.5486576557159424 0.0 1.0 0.0 0.0
-0.449215829372406 0.0 0.8934231400489807 7.147386074066162 0.8934231400489807 0.0 0.449215829372406 3.5937271118164062 0.0 1.0 0.0 0.0
-0.45483165979385376 0.0 0.8905772566795349 7.124619007110596 0.8905772566795349 0.0 0.45483165979385376 3.6386537551879883 0.0 1.0 0.0 0.0
-0.46042948961257935 0.0 0.8876961469650269 7.101570129394531 0.8876961469650269 0.0 0.46042948961257935 3.683436393737793 0.0 1.0 0.0 0.0
-0.46600908041000366 0.0 0.8847798109054565 7.078239440917969 0.8847798109054565 0.0 0.46600908041000366 3.7280731201171875 0.0 1.0 0.0 0.0
-0.4715701937675476 0.0 0.8818283677101135 7.054627895355225 0.8818283677101135 0.0 0.4715701937675476 3.772562026977539 0.0 1.0 0.0 0.0
-0.4771125912666321 0.0 0.8788420557975769 7.030737400054932 0.8788420557975769 0.0 0.4771125912666321 3.816901206970215 0.0 1.0 0.0 0.0
-0.48263609409332275 0.0 0.8758208155632019 7.006567478179932 0.8758208155632019 0.0 0.48263609409332275 3.8610892295837402 0.0 1.0 0.0 0.0
-0.4881404638290405 0.0 0.8727649450302124 6.982120513916016 0.8727649450302124 0.0 0.4881404638290405 3.9051241874694824 0.0 1.0 0.0 0.0
-0.4936254918575287 0.0 0.8696744441986084 6.957396507263184 0.8696744441986084 0.0 0.4936254918575287 3.9490044116973877 0.0 1.0 0.0 0.0
-0.49909093976020813 0.0 0.866549551486969 6.932396411895752 0.8665494322776794 0.0 0.4990909993648529 3.9927279949188232 0.0 1.0 0.0 0.0
-0.5045366287231445 0.0 0.8633901476860046 6.9071221351623535 0.8633901476860046 0.0 0.5045366287231445 4.0362935066223145 0.0 1.0 0.0 0.0
-0.5099623203277588 0.0 0.860196590423584 6.881573677062988 0.860196590423584 0.0 0.5099623203277588 4.0796990394592285 0.0 1.0 0.0 0.0
-0.5153677463531494 0.0 0.8569689393043518 6.855752468109131 0.8569689393043518 0.0 0.5153677463531494 4.1229424476623535 0.0 1.0 0.0 0.0
-0.5207527875900269 0.0 0.8537073731422424 6.829659938812256 0.8537073731422424 0.0 0.5207527875900269 4.166022777557373 0.0 1.0 0.0 0.0
-0.526117205619812 0.0 0.8504120111465454 6.803296089172363 0.8504118919372559 0.0 0.5261172652244568 4.208938121795654 0.0 1.0 0.0 0.0
-0.5314607620239258 0.0 0.847082793712616 6.776663303375244 0.847082793712616 0.0 0.5314607620239258 4.2516865730285645 0.0 1.0 0.0 0.0
-0.5367832183837891 0.0 0.843720018863678 6.74976110458374 0.843720018863678 0.0 0.5367832183837891 4.294266223907471 0.0 1.0 0.0 0.0
-0.5420843958854675 0.0 0.8403239846229553 6.722591876983643 0.8403238654136658 0.0 0.5420844554901123 4.336675643920898 0.0 1.0 0.0 0.0
-0.5473641157150269 0.0 0.8368943929672241 6.695156097412109 0.8368943929672241 0.0 0.5473641157150269 4.378913402557373 0.0 1.0 0.0 0.0
-0.5526221394538879 0.0 0.8334317803382874 6.667455196380615 0.8334317803382874 0.0 0.5526221394538879 4.420977592468262 0.0 1.0 0.0 0.0
-0.5578582882881165 0.0 0.8299360871315002 6.639489650726318 0.8299360871315002 0.0 0.5578582882881165 4.46286678314209 0.0 1.0 0.0 0.0
-0.5630722641944885 0.0 0.8264074921607971 6.611260890960693 0.8264074921607971 0.0 0.5630722641944885 4.504578590393066 0.0 1.0 0.0 0.0
-0.5682639479637146 0.0 0.8228461742401123 6.582770347595215 0.8228461742401123 0.0 0.5682639479637146 4.546112060546875 0.0 1.0 0.0 0.0
-0.5734331011772156 0.0 0.8192523121833801 6.554018497467041 0.8192521929740906 0.0 0.5734331607818604 4.587465286254883 0.0 1.0 0.0 0.0
-0.5785795450210571 0.0 0.8156259059906006 6.525007247924805 0.815625786781311 0.0 0.5785796046257019 4.628636837005615 0.0 1.0 0.0 0.0
-0.5837030410766602 0.0 0.8119670748710632 6.495737552642822 0.8119670748710632 0.0 0.5837030410766602 4.6696248054504395 0.0 1.0 0.0 0.0
-0.5888034105300903 0.0 0.8082761168479919 6.466209888458252 0.8082761168479919 0.0 0.5888034105300903 4.710427761077881 0.0 1.0 0.0 0.0
-0.5938804149627686 0.0 0.8045531511306763 6.436426162719727 0.8045531511306763 0.0 0.5938804149627686 4.751043796539307 0.0 1.0 0.0 0.0
-0.5989339351654053 0.0 0.8007982969284058 6.4063873291015625 0.8007982969284058 0.0 0.5989339351654053 4.7914719581604 0.0 1.0 0.0 0.0
-0.6039636731147766 0.0 0.79701167345047 6.376094341278076 0.79701167345047 0.0 0.6039636731147766 4.831709861755371 0.0 1.0 0.0 0.0
-0.6089694499969482 0.0 0.793193519115448 6.3455491065979 0.793193519115448 0.0 0.6089694499969482 4.871756076812744 0.0 1.0 0.0 0.0
-0.6139511466026306 0.0 0.7893438935279846 6.314752101898193 0.7893438935279846 0.0 0.6139511466026306 4.911609649658203 0.0 1.0 0.0 0.0
-0.6189084649085999 0.0 0.7854629755020142 6.28370475769043 0.7854629755020142 0.0 0.6189084649085999 4.951268196105957 0.0 1.0 0.0 0.0
-0.6238412857055664 0.0 0.7815508842468262 6.252408027648926 0.7815508842468262 0.0 0.6238412857055664 4.9907307624816895 0.0 1.0 0.0 0.0
-0.6287493705749512 0.0 0.7776078581809998 6.2208638191223145 0.7776078581809998 0.0 0.6287493705749512 5.029995441436768 0.0 1.0 0.0 0.0
-0.633632481098175 0.0 0.7736340165138245 6.189073085784912 0.7736340165138245 0.0 0.633632481098175 5.069060325622559 0.0 1.0 0.0 0.0
-0.6384905576705933 0.0 0.7696294784545898 6.157036781311035 0.7696294784545898 0.0 0.6384905576705933 5.107924938201904 0.0 1.0 0.0 0.0
-0.6433232426643372 0.0 0.765594482421875 6.124756813049316 0.765594482421875 0.0 0.6433232426643372 5.1465864181518555 0.0 1.0 0.0 0.0
-0.648130476474762 0.0 0.7615291476249695 6.092234134674072 0.7615291476249695 0.0 0.648130476474762 5.185044288635254 0.0 1.0 0.0 0.0
-0.6529120206832886 0.0 0.7574335932731628 6.059469699859619 0.7574335932731628 0.0 0.6529120206832886 5.223296642303467 0.0 1.0 0.0 0.0
-0.6576676964759827 0.0 0.7533079981803894 6.026464939117432 0.7533079981803894 0.0 0.6576676964759827 5.2613420486450195 0.0 1.0 0.0 0.0
-0.6623973250389099 0.0 0.749152660369873 5.993221282958984 0.749152660369873 0.0 0.6623973250389099 5.299178600311279 0.0 1.0 0.0 0.0
-0.6671006083488464 0.0 0.744967520236969 5.95974063873291 0.744967520236969 0.0 0.6671006083488464 5.33680534362793 0.0 1.0 0.0 0.0
-0.6717775464057922 0.0 0.7407528758049011 5.926023483276367 0.7407528758049011 0.0 0.6717775464057922 5.374220848083496 0.0 1.0 0.0 0.0
-0.6764277815818787 0.0 0.736508846282959 5.89207124710083 0.736508846282959 0.0 0.6764277815818787 5.4114227294921875 0.0 1.0 0.0 0.0
-0.6810513138771057 0.0 0.7322356700897217 5.857885360717773 0.7322356700897217 0.0 0.6810513138771057 5.448410511016846 0.0 1.0 0.0 0.0
-0.68564772605896 0.0 0.727933406829834 5.82346773147583 0.727933406829834 0.0 0.68564772605896 5.485182285308838 0.0 1.0 0.0 0.0
-0.6902170777320862 0.0 0.7236023545265198 5.788818836212158 0.7236023545265198 0.0 0.6902170777320862 5.5217366218566895 0.0 1.0 0.0 0.0
-0.694758951663971 0.0 0.7192425727844238 5.753941059112549 0.7192425727844238 0.0 0.694758951663971 5.558072090148926 0.0 1.0 0.0 0.0
-0.6992733478546143 0.0 0.7148543000221252 5.71883487701416 0.7148543000221252 0.0 0.6992733478546143 5.594187259674072 0.0 1.0 0.0 0.0
-0.703760027885437 0.0 0.7104376554489136 5.683501720428467 0.7104376554489136 0.0 0.703760027885437 5.630080699920654 0.0 1.0 0.0 0.0
-0.7082188129425049 0.0 0.7059928774833679 5.647943496704102 0.7059928774833679 0.0 0.7082188129425049 5.665750980377197 0.0 1.0 0.0 0.0
-0.7126495242118835 0.0 0.7015201449394226 5.612161636352539 0.7015201449394226 0.0 0.7126495242118835 5.701196670532227 0.0 1.0 0.0 0.0
-0.7170519828796387 0.0 0.6970195770263672 5.576157093048096 0.6970195770263672 0.0 0.7170519828796387 5.736416339874268 0.0 1.0 0.0 0.0
-0.7214260101318359 0.0 0.6924914121627808 5.539931774139404 0.6924914121627808 0.0 0.7214260101318359 5.771408557891846 0.0 1.0 0.0 0.0
