-0.196116104722023 0.3580574095249176 0.9128707647323608 9.997674942016602 0.9805805683135986 0.07161147892475128 0.18257415294647217 1.9995348453521729 0.0 0.9309492707252502 -0.36514830589294434 -3.9990696907043457
-0.1961161494255066 0.35805743932724 0.9128708243370056 9.96108627319336 0.9805806279182434 0.07161148637533188 0.18257418274879456 1.9922173023223877 9.99999993922529e-09 0.9309492707252502 -0.3651483654975891 -3.9844346046447754
-0.1961161196231842 0.35805743932724 0.9128708243370056 9.924497604370117 0.9805806279182434 0.07161147892475128 0.18257416784763336 1.9848995208740234 9.99999993922529e-09 0.9309492707252502 -0.3651483356952667 -3.969799041748047
-0.1961161196231842 0.35805743932724 0.9128708243370056 9.887910842895508 0.9805806279182434 0.07161147892475128 0.18257416784763336 1.9775820970535278 9.99999993922529e-09 0.9309492707252502 -0.3651483356952667 -3.9551641941070557
-0.1961161196231842 0.35805743932724 0.9128708243370056 9.851322174072266 0.9805806279182434 0.07161147892475128 0.18257416784763336 1.9702643156051636 9.99999993922529e-09 0.9309492707252502 -0.3651483356952667 -3.940528631210327
-0.1961161196231842 0.35805743932724 0.9128708243370056 9.81473445892334 0.9805806279182434 0.07161147892475128 0.18257416784763336 1.9629467725753784 9.99999993922529e-09 0.9309492707252502 -0.3651483356952667 -3.925893545150757
-0.1961161196231842 0.35805743932724 0.9128708243370056 9.778146743774414 0.9805806279182434 0.07161147892475128 0.18257416784763336 1.9556292295455933 9.99999993922529e-09 0.9309492707252502 -0.3651483356952667 -3.9112584590911865
-0.196116104722023 0.3580574095249176 0.9128707647323608 9.741558074951172 0.9805805683135986 0.07161147892475128 0.18257415294647217 1.9483115673065186 0.0 0.9309492707252502 -0.36514830589294434 -3.896623134613037
-0.1961161196231842 0.35805743932724 0.9128708243370056 9.704970359802246 0.9805806279182434 0.07161147892475128 0.18257416784763336 1.9409940242767334 9.99999993922529e-09 0.9309492707252502 -0.3651483356952667 -3.881988048553467
-0.1961161196231842 0.35805743932724 0.9128707647323608 9.66838264465332 0.9805805683135986 0.07161148637533188 0.18257416784763336 1.9336764812469482 0.0 0.9309492707252502 -0.3651483356952667 -3.8673529624938965
-0.196116104722023 0.3580574095249176 0.9128708243370056 9.631793975830078 0.9805805683135986 0.07161147147417068 0.18257415294647217 1.926358699798584 0.0 0.9309492707252502 -0.36514830589294434 -3.852717399597168
-0.1961161494255066 0.35805743932724 0.9128708243370056 9.595205307006836 0.9805806279182434 0.07161148637533188 0.18257418274879456 1.9190411567687988 9.99999993922529e-09 0.9309492707252502 -0.3651483654975891 -3.8380823135375977
-0.196116104722023 0.3580574095249176 0.9128708839416504 9.558618545532227 0.9805805683135986 0.07161147892475128 0.18257418274879456 1.9117237329483032 0.0 0.9309492707252502 -0.3651483654975891 -3.8234474658966064
-0.1961161196231842 0.35805743932724 0.9128708243370056 9.522029876708984 0.9805806279182434 0.07161147892475128 0.18257416784763336 1.904405951499939 9.99999993922529e-09 0.9309492707252502 -0.3651483356952667 -3.808811902999878
-0.1961161494255066 0.35805743932724 0.9128708243370056 9.485441207885742 0.9805806279182434 0.07161148637533188 0.18257418274879456 1.8970882892608643 9.99999993922529e-09 0.9309492707252502 -0.3651483654975891 -3.7941765785217285
-0.1961161196231842 0.35805743932724 0.9128708243370056 9.448854446411133 0.9805806279182434 0.07161147892475128 0.18257416784763336 1.889770746231079 9.99999993922529e-09 0.9309492707252502 -0.3651483356952667 -3.779541492462158
-0.196116104722023 0.3580574095249176 0.9128707647323608 9.412266731262207 0.9805805683135986 0.07161147892475128 0.18257415294647217 1.882453203201294 0.0 0.9309492707252502 -0.36514830589294434 -3.764906406402588
-0.19611608982086182 0.3580574095249176 0.9128708839416504 9.375678062438965 0.9805805683135986 0.07161147892475128 0.18257416784763336 1.8751354217529297 0.0 0.9309492707252502 -0.3651483356952667 -3.7502708435058594
-0.196116104722023 0.3580574095249176 0.9128707647323608 9.339090347290039 0.9805805683135986 0.07161147892475128 0.18257415294647217 1.867817997932434 0.0 0.9309492707252502 -0.36514830589294434 -3.735635995864868
-0.1961161494255066 0.35805743932724 0.9128708243370056 9.302501678466797 0.9805806279182434 0.07161148637533188 0.18257418274879456 1.860500454902649 9.99999993922529e-09 0.9309492707252502 -0.3651483654975891 -3.721000909805298
-0.1961161196231842 0.35805743932724 0.9128708243370056 9.265913963317871 0.9805806279182434 0.07161147892475128 0.18257416784763336 1.8531826734542847 9.99999993922529e-09 0.9309492707252502 -0.3651483356952667 -3.7063653469085693
-0.1961161196231842 0.35805743932724 0.9128707647323608 9.229326248168945 0.9805805683135986 0.07161148637533188 0.18257416784763336 1.845865249633789 0.0 0.9309492707252502 -0.3651483356952667 -3.691730499267578
-0.196116104722023 0.3580574095249176 0.9128708839416504 9.192737579345703 0.9805805683135986 0.07161147892475128 0.18257418274879456 1.8385474681854248 0.0 0.9309492707252502 -0.3651483654975891 -3.6770949363708496
-0.1961161196231842 0.35805743932724 0.9128707647323608 9.156149864196777 0.9805805683135986 0.07161148637533188 0.18257416784763336 1.8312299251556396 0.0 0.9309492707252502 -0.3651483356952667 -3.6624598503112793
-0.1961161196231842 0.35805743932724 0.9128708243370056 9.119562149047852 0.9805806279182434 0.07161147892475128 0.18257416784763336 1.8239123821258545 9.99999993922529e-09 0.9309492707252502 -0.3651483356952667 -3.647824764251709
-0.1961161196231842 0.35805743932724 0.9128708243370056 9.08297348022461 0.9805806279182434 0.07161147892475128 0.18257416784763336 1.8165947198867798 9.99999993922529e-09 0.9309492707252502 -0.3651483356952667 -3.6331894397735596
-0.196116104722023 0.3580574095249176 0.9128708839416504 9.046385765075684 0.9805805683135986 0.07161147892475128 0.18257418274879456 1.8092771768569946 0.0 0.9309492707252502 -0.3651483654975891 -3.6185543537139893
-0.196116104722023 0.3580574095249176 0.9128707647323608 9.009798049926758 0.9805805683135986 0.07161147892475128 0.18257415294647217 1.80195951461792 0.0 0.9309492707252502 -0.36514830589294434 -3.60391902923584
-0.1961161196231842 0.35805743932724 0.9128708243370056 8.973210334777832 0.9805806279182434 0.07161147892475128 0.18257416784763336 1.7946419715881348 9.99999993922529e-09 0.9309492707252502 -0.3651483356952667 -3.5892839431762695
-0.1961161494255066 0.35805743932724 0.9128708243370056 8.93662166595459 0.9805806279182434 0.07161148637533188 0.18257418274879456 1.7873244285583496 9.99999993922529e-09 0.9309492707252502 -0.3651483654975891 -3.574648857116699
-0.1961161196231842 0.35805743932724 0.9128708243370056 8.900033950805664 0.9805806279182434 0.07161147892475128 0.18257416784763336 1.7800066471099854 9.99999993922529e-09 0.9309492707252502 -0.3651483356952667 -3.5600132942199707
-0.1961161494255066 0.35805743932724 0.9128708243370056 8.863446235656738 0.9805806279182434 0.07161148637533188 0.18257418274879456 1.7726892232894897 9.99999993922529e-09 0.9309492707252502 -0.3651483654975891 -3.5453784465789795
-0.196116104722023 0.3580574095249176 0.9128707647323608 8.826857566833496 0.9805805683135986 0.07161147892475128 0.18257415294647217 1.7653714418411255 0.0 0.9309492707252502 -0.36514830589294434 -3.530742883682251
-0.1961161196231842 0.35805743932724 0.9128708243370056 8.79026985168457 0.9805806279182434 0.07161147892475128 0.18257416784763336 1.7580538988113403 9.99999993922529e-09 0.9309492707252502 -0.3651483356952667 -3.5161077976226807
-0.1961161196231842 0.35805743932724 0.9128707051277161 8.753682136535645 0.9805806279182434 0.07161148637533188 0.18257415294647217 1.7507364749908447 9.99999993922529e-09 0.9309492707252502 -0.36514830589294434 -3.5014729499816895
-0.1961161196231842 0.35805743932724 0.9128708243370056 8.717093467712402 0.9805806279182434 0.07161147892475128 0.18257416784763336 1.7434186935424805 9.99999993922529e-09 0.9309492707252502 -0.3651483356952667 -3.486837387084961
-0.1961161196231842 0.35805743932724 0.9128707647323608 8.680505752563477 0.9805805683135986 0.07161148637533188 0.18257416784763336 1.7361011505126953 0.0 0.9309492707252502 -0.3651483356952667 -3.4722023010253906
-0.1961161196231842 0.35805743932724 0.9128707647323608 8.64391803741455 0.9805805683135986 0.07161148637533188 0.18257416784763336 1.7287836074829102 0.0 0.9309492707252502 -0.3651483356952667 -3.4575672149658203
-0.1961161196231842 0.35805743932724 0.9128708243370056 8.607329368591309 0.9805806279182434 0.07161147892475128 0.18257416784763336 1.721465826034546 9.99999993922529e-09 0.9309492707252502 -0.3651483356952667 -3.442931652069092
-0.1961161196231842 0.35805743932724 0.9128708243370056 8.570741653442383 0.9805806279182434 0.07161147892475128 0.18257416784763336 1.7141482830047607 9.99999993922529e-09 0.9309492707252502 -0.3651483356952667 -3.4282965660095215
-0.1961161196231842 0.35805743932724 0.9128707647323608 8.534153938293457 0.9805805683135986 0.07161148637533188 0.18257416784763336 1.7068308591842651 0.0 0.9309492707252502 -0.3651483356952667 -3.4136617183685303
-0.1961161196231842 0.35805743932724 0.9128707647323608 8.497566223144531 0.9805805683135986 0.07161148637533188 0.18257416784763336 1.6995131969451904 0.0 0.9309492707252502 -0.3651483356952667 -3.399026393890381
-0.1961161494255066 0.35805743932724 0.9128707647323608 8.460977554321289 0.9805805683135986 0.07161148637533188 0.18257418274879456 1.6921956539154053 0.0 0.9309492707252502 -0.3651483654975891 -3.3843913078308105
-0.1961161494255066 0.35805743932724 0.9128708243370056 8.424388885498047 0.9805806279182434 0.07161148637533188 0.18257418274879456 1.684877872467041 9.99999993922529e-09 0.9309492707252502 -0.3651483654975891 -3.369755744934082
-0.19611608982086182 0.3580574095249176 0.9128708839416504 8.387802124023438 0.9805805683135986 0.07161147892475128 0.18257416784763336 1.6775603294372559 0.0 0.9309492707252502 -0.3651483356952667 -3.3551206588745117
-0.1961161196231842 0.35805743932724 0.9128707647323608 8.351213455200195 0.9805805683135986 0.07161148637533188 0.18257416784763336 1.6702426671981812 0.0 0.9309492707252502 -0.3651483356952667 -3.3404853343963623
-0.196116104722023 0.3580574095249176 0.9128708243370056 8.31462574005127 0.9805805683135986 0.07161147147417068 0.18257415294647217 1.6629250049591064 0.0 0.9309492707252502 -0.36514830589294434 -3.325850009918213
-0.1961161196231842 0.35805743932724 0.9128708243370056 8.278038024902344 0.9805806279182434 0.07161147892475128 0.18257416784763336 1.6556075811386108 9.99999993922529e-09 0.9309492707252502 -0.3651483356952667 -3.3112151622772217
-0.196116104722023 0.3580574095249176 0.9128708839416504 8.241449356079102 0.9805805683135986 0.07161147892475128 0.18257418274879456 1.6482899188995361 0.0 0.9309492707252502 -0.3651483654975891 -3.2965798377990723
-0.1961161196231842 0.35805743932724 0.9128707647323608 8.204861640930176 0.9805805683135986 0.07161148637533188 0.18257416784763336 1.640972375869751 0.0 0.9309492707252502 -0.3651483356952667 -3.281944751739502
-0.196116104722023 0.3580574095249176 0.9128707647323608 8.16827392578125 0.9805806279182434 0.07161147147417068 0.18257413804531097 1.6336545944213867 0.0 0.9309492707252502 -0.36514827609062195 -3.2673091888427734
-0.1961161196231842 0.35805743932724 0.9128708243370056 8.131685256958008 0.9805806279182434 0.07161147892475128 0.18257416784763336 1.6263370513916016 9.99999993922529e-09 0.9309492707252502 -0.3651483356952667 -3.252674102783203
-0.196116104722023 0.3580574095249176 0.9128708243370056 8.095097541809082 0.9805805683135986 0.07161147147417068 0.18257415294647217 1.6190193891525269 0.0 0.9309492707252502 -0.36514830589294434 -3.2380387783050537
-0.196116104722023 0.3580574095249176 0.9128708839416504 8.058509826660156 0.9805805683135986 0.07161147892475128 0.18257418274879456 1.6117019653320312 0.0 0.9309492707252502 -0.3651483654975891 -3.2234039306640625
-0.1961161196231842 0.35805743932724 0.9128708243370056 8.02192211151123 0.9805806279182434 0.07161147892475128 0.18257416784763336 1.604384422302246 9.99999993922529e-09 0.9309492707252502 -0.3651483356952667 -3.208768844604492
-0.196116104722023 0.3580574095249176 0.9128708839416504 7.985333442687988 0.9805805683135986 0.07161147892475128 0.18257418274879456 1.5970666408538818 0.0 0.9309492707252502 -0.3651483654975891 -3.1941332817077637
-0.1961161196231842 0.35805743932724 0.9128708243370056 7.9487457275390625 0.9805806279182434 0.07161147892475128 0.18257416784763336 1.5897490978240967 9.99999993922529e-09 0.9309492707252502 -0.3651483356952667 -3.1794981956481934
-0.196116104722023 0.3580574095249176 0.9128708839416504 7.912158012390137 0.9805805683135986 0.07161147892475128 0.18257418274879456 1.5824315547943115 0.0 0.9309492707252502 -0.3651483654975891 -3.164863109588623
-0.196116104722023 0.3580574095249176 0.9128707647323608 7.8755693435668945 0.9805805683135986 0.07161147892475128 0.18257415294647217 1.5751137733459473 0.0 0.9309492707252502 -0.36514830589294434 -3.1502275466918945
-0.196116104722023 0.3580574095249176 0.9128707647323608 7.838981628417969 0.9805805683135986 0.07161147892475128 0.18257415294647217 1.567796230316162 0.0 0.9309492707252502 -0.36514830589294434 -3.135592460632324
-0.1961161196231842 0.35805743932724 0.9128708243370056 7.802393913269043 0.9805806279182434 0.07161147892475128 0.18257416784763336 1.560478687286377 9.99999993922529e-09 0.9309492707252502 -0.3651483356952667 -3.120957374572754
-0.1961161494255066 0.35805743932724 0.9128708243370056 7.765805244445801 0.9805806279182434 0.07161148637533188 0.18257418274879456 1.5531611442565918 9.99999993922529e-09 0.9309492707252502 -0.3651483654975891 -3.1063222885131836
-0.1961161196231842 0.35805743932724 0.9128708243370056 7.729217529296875 0.9805806279182434 0.07161147892475128 0.18257416784763336 1.545843482017517 9.99999993922529e-09 0.9309492707252502 -0.3651483356952667 -3.091686964035034
-0.1961161196231842 0.35805743932724 0.9128708243370056 7.692629337310791 0.9805806279182434 0.07161147892475128 0.18257416784763336 1.5385258197784424 9.99999993922529e-09 0.9309492707252502 -0.3651483356952667 -3.0770516395568848
-0.1961161494255066 0.35805743932724 0.9128708243370056 7.656041145324707 0.9805806279182434 0.07161148637533188 0.18257418274879456 1.5312082767486572 9.99999993922529e-09 0.9309492707252502 -0.3651483654975891 -3.0624165534973145
-0.1961161494255066 0.35805743932724 0.9128708243370056 7.619453430175781 0.9805806279182434 0.07161148637533188 0.18257418274879456 1.523890733718872 9.99999993922529e-09 0.9309492707252502 -0.3651483654975891 -3.047781467437744
-0.196116104722023 0.3580574095249176 0.9128708839416504 7.582865238189697 0.9805805683135986 0.07161147892475128 0.18257418274879456 1.5165729522705078 0.0 0.9309492707252502 -0.3651483654975891 -3.0331459045410156
-0.196116104722023 0.3580574095249176 0.9128707647323608 7.5462775230407715 0.9805805683135986 0.07161147892475128 0.18257415294647217 1.5092554092407227 0.0 0.9309492707252502 -0.36514830589294434 -3.0185108184814453
-0.1961161196231842 0.35805743932724 0.9128707647323608 7.5096893310546875 0.9805805683135986 0.07161148637533188 0.18257416784763336 1.5019378662109375 0.0 0.9309492707252502 -0.3651483356952667 -3.003875732421875
-0.1961161196231842 0.35805743932724 0.9128707051277161 7.4731011390686035 0.9805806279182434 0.07161148637533188 0.18257415294647217 1.4946202039718628 9.99999993922529e-09 0.9309492707252502 -0.36514830589294434 -2.9892404079437256
-0.1961161494255066 0.35805743932724 0.9128708243370056 7.436513423919678 0.9805806279182434 0.07161148637533188 0.18257418274879456 1.4873026609420776 9.99999993922529e-09 0.9309492707252502 -0.3651483654975891 -2.9746053218841553
-0.196116104722023 0.3580574095249176 0.9128708243370056 7.399925708770752 0.9805805683135986 0.07161147147417068 0.18257415294647217 1.479984998703003 0.0 0.9309492707252502 -0.36514830589294434 -2.959969997406006
-0.196116104722023 0.3580574095249176 0.9128708839416504 7.363337516784668 0.9805805683135986 0.07161147892475128 0.18257418274879456 1.4726674556732178 0.0 0.9309492707252502 -0.3651483654975891 -2.9453349113464355
-0.1961161196231842 0.35805743932724 0.9128707051277161 7.326749324798584 0.9805806279182434 0.07161148637533188 0.18257415294647217 1.4653499126434326 9.99999993922529e-09 0.9309492707252502 -0.36514830589294434 -2.9306998252868652
-0.1961161196231842 0.35805743932724 0.9128707647323608 7.290161609649658 0.9805805683135986 0.07161148637533188 0.18257416784763336 1.4580323696136475 0.0 0.9309492707252502 -0.3651483356952667 -2.916064739227295
-0.196116104722023 0.3580574095249176 0.9128707647323608 7.253573417663574 0.9805805683135986 0.07161147892475128 0.18257415294647217 1.4507145881652832 0.0 0.9309492707252502 -0.36514830589294434 -2.9014291763305664
-0.196116104722023 0.3580574095249176 0.9128708839416504 7.216985702514648 0.9805805683135986 0.07161147892475128 0.18257418274879456 1.443397045135498 0.0 0.9309492707252502 -0.3651483654975891 -2.886794090270996
-0.1961161196231842 0.35805743932724 0.9128707647323608 7.1803975105285645 0.9805805683135986 0.07161148637533188 0.18257416784763336 1.436079502105713 0.0 0.9309492707252502 -0.3651483356952667 -2.872159004211426
-0.19611608982086182 0.3580574095249176 0.9128708839416504 7.1438093185424805 0.9805805683135986 0.07161147892475128 0.18257416784763336 1.4287617206573486 0.0 0.9309492707252502 -0.3651483356952667 -2.8575234413146973
-0.19611608982086182 0.3580574095249176 0.9128708839416504 7.107221603393555 0.9805805683135986 0.07161147892475128 0.18257416784763336 1.4214441776275635 0.0 0.9309492707252502 -0.3651483356952667 -2.842888355255127
-0.196116104722023 0.3580574095249176 0.9128708243370056 7.070633888244629 0.9805805683135986 0.07161147147417068 0.18257415294647217 1.4141266345977783 0.0 0.9309492707252502 -0.36514830589294434 -2.8282532691955566
-0.1961161196231842 0.35805743932724 0.9128707647323608 7.034045219421387 0.9805805683135986 0.07161148637533188 0.18257416784763336 1.4068090915679932 0.0 0.9309492707252502 -0.3651483356952667 -2.8136181831359863
-0.1961161494255066 0.35805743932724 0.9128708243370056 6.997457504272461 0.9805806279182434 0.07161148637533188 0.18257418274879456 1.399491548538208 9.99999993922529e-09 0.9309492707252502 -0.3651483654975891 -2.798983097076416
-0.1961161196231842 0.35805743932724 0.9128707647323608 6.960868835449219 0.9805805683135986 0.07161148637533188 0.18257416784763336 1.3921737670898438 0.0 0.9309492707252502 -0.3651483356952667 -2.7843475341796875
-0.1961161196231842 0.35805743932724 0.9128708243370056 6.924281120300293 0.9805806279182434 0.07161147892475128 0.18257416784763336 1.3848562240600586 9.99999993922529e-09 0.9309492707252502 -0.3651483356952667 -2.769712448120117
-0.1961161196231842 0.35805743932724 0.9128707647323608 6.887693405151367 0.9805805683135986 0.07161148637533188 0.18257416784763336 1.3775386810302734 0.0 0.9309492707252502 -0.3651483356952667 -2.755077362060547
-0.196116104722023 0.3580574095249176 0.9128708243370056 6.851105213165283 0.9805805683135986 0.07161147147417068 0.18257415294647217 1.3702208995819092 0.0 0.9309492707252502 -0.36514830589294434 -2.7404417991638184
-0.1961161196231842 0.35805743932724 0.9128708243370056 6.814517021179199 0.9805806279182434 0.07161147892475128 0.18257416784763336 1.362903356552124 9.99999993922529e-09 0.9309492707252502 -0.3651483356952667 -2.725806713104248
-0.1961161196231842 0.35805743932724 0.9128708243370056 6.777929306030273 0.9805806279182434 0.07161147892475128 0.18257416784763336 1.3555858135223389 9.99999993922529e-09 0.9309492707252502 -0.3651483356952667 -2.7111716270446777
-0.1961161494255066 0.35805743932724 0.9128708243370056 6.741340637207031 0.9805806279182434 0.07161148637533188 0.18257418274879456 1.3482682704925537 9.99999993922529e-09 0.9309492707252502 -0.3651483654975891 -2.6965365409851074
-0.1961161196231842 0.35805743932724 0.9128707647323608 6.7047529220581055 0.9805805683135986 0.07161148637533188 0.18257416784763336 1.340950608253479 0.0 0.9309492707252502 -0.3651483356952667 -2.681901216506958
-0.196116104722023 0.3580574095249176 0.9128708839416504 6.66816520690918 0.9805805683135986 0.07161147892475128 0.18257418274879456 1.3336330652236938 0.0 0.9309492707252502 -0.3651483654975891 -2.6672661304473877
-0.1961161494255066 0.35805743932724 0.9128708243370056 6.631577014923096 0.9805806279182434 0.07161148637533188 0.18257418274879456 1.3263154029846191 9.99999993922529e-09 0.9309492707252502 -0.3651483654975891 -2.6526308059692383
-0.1961161196231842 0.3580574095249176 0.9128708839416504 6.594988822937012 0.9805805683135986 0.07161148637533188 0.18257419764995575 1.318997859954834 0.0 0.9309492707252502 -0.3651483952999115 -2.637995719909668
-0.1961161494255066 0.35805743932724 0.9128707647323608 6.558401107788086 0.9805805683135986 0.07161148637533188 0.18257418274879456 1.3116803169250488 0.0 0.9309492707252502 -0.3651483654975891 -2.6233606338500977
-0.1961161196231842 0.35805743932724 0.9128708243370056 6.521812915802002 0.9805806279182434 0.07161147892475128 0.18257416784763336 1.3043625354766846 9.99999993922529e-09 0.9309492707252502 -0.3651483356952667 -2.608725070953369
-0.196116104722023 0.3580574095249176 0.9128707647323608 6.485225200653076 0.9805805683135986 0.07161147892475128 0.18257415294647217 1.2970449924468994 0.0 0.9309492707252502 -0.36514830589294434 -2.594089984893799
-0.1961161196231842 0.35805743932724 0.9128708243370056 6.44863748550415 0.9805806279182434 0.07161147892475128 0.18257416784763336 1.2897274494171143 9.99999993922529e-09 0.9309492707252502 -0.3651483356952667 -2.5794548988342285
-0.1961161196231842 0.35805743932724 0.9128708243370056 6.412049293518066 0.9805806279182434 0.07161147892475128 0.18257416784763336 1.2824097871780396 9.99999993922529e-09 0.9309492707252502 -0.3651483356952667 -2.564819574356079
