-0.954460084438324 -0.25198808312416077 0.15971218049526215 -0.191105455160141 -0.2401556670665741 0.33133044838905334 -0.9124392867088318 -0.42260506749153137 0.1770063042640686 -0.9092426300048828 -0.37675803899765015 1.1166740655899048
-0.953814685344696 -0.24921806156635284 0.1677137166261673 -0.19163478910923004 -0.24679911136627197 0.331841379404068 -0.9104787111282349 -0.41716456413269043 0.17125338315963745 -0.9098196029663086 -0.3780219554901123 1.111659049987793
-0.9527215957641602 -0.2489146739244461 0.17424991726875305 -0.19284234941005707 -0.25319749116897583 0.33336544036865234 -0.9081621766090393 -0.41226905584335327 0.16796597838401794 -0.9093453288078308 -0.3806290328502655 1.1068307161331177
-0.9520951509475708 -0.24853405356407166 0.1781730055809021 -0.19493351876735687 -0.25669577717781067 0.33288076519966125 -0.9073575139045715 -0.40862077474594116 0.16619887948036194 -0.9096269607543945 -0.38073182106018066 1.1022762060165405
-0.9518110752105713 -0.24891729652881622 0.17915302515029907 -0.1984483301639557 -0.2577238976955414 0.3325590193271637 -0.9071840643882751 -0.40606001019477844 0.1662348359823227 -0.909639835357666 -0.38068529963493347 1.098240852355957
-0.9524738192558289 -0.24743129312992096 0.17768338322639465 -0.2032463401556015 -0.2558633089065552 0.3332861661911011 -0.9074438214302063 -0.4044612944126129 0.1653105765581131 -0.9097791314125061 -0.3807549476623535 1.0950545072555542
-0.9534496665000916 -0.2458990216255188 0.1745491772890091 -0.20931100845336914 -0.2524305284023285 0.33418717980384827 -0.9080736637115479 -0.40350404381752014 0.16496232151985168 -0.909864068031311 -0.3807030916213989 1.0926337242126465
-0.9543686509132385 -0.24369877576828003 0.17260189354419708 -0.21622809767723083 -0.24984121322631836 0.3349689543247223 -0.9085016250610352 -0.40282365679740906 0.16358445584774017 -0.9101685285568237 -0.38056984543800354 1.0908160209655762
-0.95563805103302 -0.24113774299621582 0.16914036870002747 -0.22457966208457947 -0.24539801478385925 0.3342370390892029 -0.9099810123443604 -0.40283113718032837 0.16289779543876648 -0.9111192226409912 -0.3785843551158905 1.0897390842437744
-0.9576507210731506 -0.235587015748024 0.16554111242294312 -0.23428937792778015 -0.23991511762142181 0.334991455078125 -0.9111648797988892 -0.40329769253730774 0.15920375287532806 -0.912293553352356 -0.3773256838321686 1.0895437002182007
-0.959559977054596 -0.22991175949573517 0.16243532299995422 -0.24514038860797882 -0.23490390181541443 0.3359822630882263 -0.9121052622795105 -0.40424853563308716 0.1551283448934555 -0.9133764505386353 -0.3764023184776306 1.0898520946502686
-0.9609578251838684 -0.2274823933839798 0.157517671585083 -0.2567169666290283 -0.22941668331623077 0.3367916941642761 -0.9132028222084045 -0.40536245703697205 0.15468691289424896 -0.9136865735054016 -0.37583085894584656 1.089936375617981
-0.9618208408355713 -0.2265726923942566 0.15351039171218872 -0.26855480670928955 -0.22563549876213074 0.33904412388801575 -0.9133114218711853 -0.40651389956474304 0.15488463640213013 -0.9130793213844299 -0.37722253799438477 1.0896676778793335
-0.963269054889679 -0.2242525815963745 0.14772772789001465 -0.2806639075279236 -0.21948100626468658 0.3404904305934906 -0.9142726063728333 -0.4088570475578308 0.15472811460494995 -0.9131139516830444 -0.3772030770778656 1.089205026626587
-0.9654927253723145 -0.22102048993110657 0.13774532079696655 -0.29288825392723083 -0.20882368087768555 0.3409746289253235 -0.9165855050086975 -0.4129580557346344 0.15561650693416595 -0.9137210845947266 -0.3753628432750702 1.088873028755188
-0.9682578444480896 -0.21660733222961426 0.12473198026418686 -0.3046250641345978 -0.19497981667518616 0.34230127930641174 -0.9191369414329529 -0.41866540908813477 0.15639588236808777 -0.9142817258834839 -0.37366995215415955 1.0892316102981567
-0.9712710380554199 -0.2103668451309204 0.1112581416964531 -0.3157171308994293 -0.1802937090396881 0.34532585740089417 -0.9210017323493958 -0.4256088137626648 0.1553279161453247 -0.9146014451980591 -0.37333282828330994 1.0909498929977417
-0.9751445055007935 -0.19978004693984985 0.09581814706325531 -0.3262559473514557 -0.16175515949726105 0.34634774923324585 -0.9240554571151733 -0.43426743149757385 0.1514214426279068 -0.916586697101593 -0.37005454301834106 1.094817042350769
-0.9792202711105347 -0.18599331378936768 0.08083432912826538 -0.3357688784599304 -0.14243479073047638 0.34701961278915405 -0.9269788265228271 -0.44365015625953674 0.1443607658147812 -0.919230043888092 -0.3663005530834198 1.1006834506988525
-0.9826884269714355 -0.17220818996429443 0.0683213397860527 -0.3440684676170349 -0.12529288232326508 0.34608542919158936 -0.9297991991043091 -0.45305463671684265 0.13647401332855225 -0.9222630858421326 -0.3616706132888794 1.1081465482711792
-0.9853799939155579 -0.16120755672454834 0.055121175944805145 -0.3511884808540344 -0.10807988792657852 0.34138423204421997 -0.9336892366409302 -0.4622035324573517 0.13170026242733002 -0.9259961843490601 -0.3538164794445038 1.1166408061981201
-0.9875766634941101 -0.15138044953346252 0.04214593023061752 -0.3570486009120941 -0.09098583459854126 0.3321990370750427 -0.9388106465339661 -0.47100886702537537 0.12811674177646637 -0.9309821724891663 -0.34184548258781433 1.1264073848724365
-0.989903450012207 -0.13847091794013977 0.030281798914074898 -0.361273854970932 -0.07417348772287369 0.32399916648864746 -0.9431451559066772 -0.4791984558105469 0.12078689783811569 -0.9358687400817871 -0.3309987485408783 1.1375919580459595
-0.9918969869613647 -0.12571391463279724 0.018339475616812706 -0.36404889822006226 -0.057844214141368866 0.31836289167404175 -0.9462024569511414 -0.48620182275772095 0.1131122037768364 -0.9395962357521057 -0.3230550289154053 1.1497793197631836
-0.9935111403465271 -0.11357682198286057 0.005990723147988319 -0.3652593195438385 -0.04200131446123123 0.3174368441104889 -0.9473487734794617 -0.4916897714138031 0.10569518804550171 -0.941453218460083 -0.32014742493629456 1.1628854274749756
-0.9946947693824768 -0.10275806486606598 -0.004809993784874678 -0.36545616388320923 -0.028426077216863632 0.31949904561042786 -0.9471601247787476 -0.49540552496910095 0.09886512905359268 -0.9419984817504883 -0.3207250237464905 1.176642656326294
-0.9955562353134155 -0.09324751794338226 -0.01314107421785593 -0.36523690819740295 -0.01748751662671566 0.32019004225730896 -0.9471918940544128 -0.49754223227500916 0.09253093600273132 -0.9427530169487 -0.32039785385131836 1.1910699605941772
-0.9963682889938354 -0.08360552042722702 -0.01613682508468628 -0.3647605776786804 -0.011355508118867874 0.31828969717025757 -0.9479255080223083 -0.49789750576019287 0.08438798785209656 -0.9442996382713318 -0.31808313727378845 1.2057384252548218
-0.9970585107803345 -0.07535434514284134 -0.013999687507748604 -0.36380621790885925 -0.01054553221911192 0.3158006966114044 -0.9487669467926025 -0.49622097611427307 0.07591482251882553 -0.9458285570144653 -0.31566643714904785 1.2197067737579346
